Name: AUDUSD_2023-2024.csv
Initial Account: 25000
Total Trades: 29
Win Rate: 27.59%
$ (%) Gain: 452.96(1.81%)
Max Drawdown: -3.43%
 #  Lot Size          RR          Direction  Entry ($)  SL ($)  TP ($)   W/L   Gain ($)  Account ($)  
 1   4.8544   2.9000000000000012     SELL      0.6622   0.6674  0.6471   WIN   732.0435    25732.04   
 2   3.9243   2.9000000000000012     BUY       0.6568   0.6502  0.6759  LOSS  -259.0038    25473.04   
 3   4.2199   2.9000000000000012     BUY       0.6486   0.6426   0.666  LOSS   -253.194    25219.85   
 4   4.2386   2.9000000000000012     BUY       0.6423   0.6363  0.6597   WIN   737.5164    25957.36   
 5   4.3626   2.9000000000000012     SELL      0.6603   0.6663  0.6429  LOSS   -261.756    25695.61   
 6   4.3186   2.9000000000000012     SELL      0.6565   0.6625  0.6391  LOSS   -259.116    25436.49   
 7    4.275   2.9000000000000012     SELL      0.6575   0.6635  0.6401  LOSS    -256.5     25179.99   
 8   4.2319   2.9000000000000012     SELL      0.6685   0.6745  0.6511  LOSS   -253.914    24926.08   
 9   4.1893   2.9000000000000012     SELL      0.6727   0.6787  0.6553  LOSS   -251.358    24674.72   
10    4.147   2.9000000000000012     SELL      0.6815   0.6875  0.6641  LOSS   -248.82     24425.9    
11   4.1052   2.9000000000000012     SELL       0.68     0.686  0.6626   WIN   714.3048    25140.2    
12   4.2252   2.9000000000000012     BUY       0.6566   0.6506   0.674  LOSS   -253.512    24886.69   
13   4.1826   2.9000000000000012     BUY       0.6469   0.6409  0.6643  LOSS   -250.956    24635.73   
14   4.1405   2.9000000000000012     BUY       0.6358   0.6298  0.6532  LOSS   -248.43     24387.3    
15   4.0987   2.9000000000000012     BUY       0.6355   0.6295  0.6529  LOSS   -245.922    24141.38   
16   4.0574   2.9000000000000012     BUY       0.6328   0.6268  0.6502   WIN   705.9876    24847.37   
17    4.176   2.9000000000000012     BUY       0.6436   0.6376   0.661  LOSS   -250.56     24596.81   
18   4.1339   2.9000000000000012     BUY       0.6381   0.6321  0.6555   WIN   719.2986    25316.11   
19   4.2548   2.9000000000000012     BUY       0.6545   0.6485  0.6719   WIN   740.3352    26056.44   
20   4.3792   2.9000000000000012     SELL      0.6649   0.6709  0.6475  LOSS   -262.752    25793.69   
21   4.3351   2.9000000000000012     SELL      0.6758   0.6818  0.6584  LOSS   -260.106    25533.59   
22   4.2914   2.9000000000000012     SELL      0.681     0.687  0.6636  LOSS   -257.484    25276.1    
23   4.2481   2.9000000000000012     SELL      0.6786   0.6846  0.6612   WIN   739.1694    26015.27   
24   4.3723   2.9000000000000012     SELL      0.6691   0.6751  0.6517  LOSS   -262.338    25752.93   
25   4.3282   2.9000000000000012     SELL      0.6798   0.6858  0.6624  LOSS   -259.692    25493.24   
26   4.2846   2.9000000000000012     SELL      0.6886   0.6946  0.6712   WIN   745.5204    26238.76   
27   4.4099   2.9000000000000012     SELL      0.6656   0.6716  0.6482  LOSS   -264.594    25974.17   
28   4.3654   2.9000000000000012     SELL      0.6616   0.6676  0.6442  LOSS   -261.924    25712.24   
29   4.3214   2.9000000000000012     SELL      0.6661   0.6721  0.6487  LOSS   -259.284    25452.96   
