Name: EUR_USD_M5_500_candles.csv
Initial Account: 25000
Total Trades: 183
Win Rate: 36.61%
$ (%) Gain: 27448.42(109.79%)
Max Drawdown: 0.0%
 #   Lot Size          RR          Direction  Entry ($)  SL ($)  TP ($)   W/L   Gain ($)  Account ($)  
 1      109    2.9000000000000012     SELL      1.0809   1.0811  1.0803   WIN   630.4351    25630.44   
 2      254    2.9000000000000012     SELL      1.0804   1.0805  1.0801   WIN   738.0111    26368.45   
 3      262    2.9000000000000012     SELL      1.0801   1.0802  1.0798  LOSS  -261.8144    26106.63   
 4      259    2.9000000000000012     SELL      1.0804   1.0805  1.0801  LOSS  -259.2148    25847.42   
 5      257    2.9000000000000012     SELL      1.0805   1.0806  1.0802  LOSS   -256.641    25590.78   
 6      254    2.9000000000000012     SELL      1.0806   1.0807  1.0803   WIN   736.8691    26327.65   
 7      261    2.9000000000000012     SELL      1.0801   1.0802  1.0798  LOSS  -261.4092    26066.24   
 8      259    2.9000000000000012     SELL      1.0805   1.0806  1.0802   WIN   750.5597    26816.8    
 9      266    2.9000000000000012     SELL      1.0801   1.0802  1.0798  LOSS  -266.2661    26550.53   
 10     264    2.9000000000000012     SELL      1.0804   1.0805  1.0801  LOSS  -263.6223    26286.91   
 11     261    2.9000000000000012     SELL      1.081    1.0811  1.0807  LOSS  -261.0048    26025.9    
 12     258    2.9000000000000012     SELL      1.081    1.0811  1.0807  LOSS  -258.4132    25767.49   
 13     256    2.9000000000000012     SELL      1.0812   1.0813  1.0809  LOSS  -255.8474    25511.64   
 14     253    2.9000000000000012     SELL      1.0815   1.0816  1.0812  LOSS  -253.3071    25258.33   
 15     251    2.9000000000000012     SELL      1.0815   1.0816  1.0812   WIN   727.2968    25985.63   
 16     258    2.9000000000000012     SELL      1.0813   1.0814   1.081   WIN   748.2389    26733.87   
 17     265    2.9000000000000012     SELL      1.081    1.0811  1.0807  LOSS  -265.4427    26468.43   
 18     263    2.9000000000000012     SELL      1.0812   1.0813  1.0809   WIN   762.1406    27230.57   
 19     270    2.9000000000000012     SELL      1.0806   1.0807  1.0803  LOSS  -270.3744    26960.19   
 20     268    2.9000000000000012     SELL      1.0807   1.0808  1.0804  LOSS  -267.6899    26692.5    
 21     265    2.9000000000000012     SELL      1.0808   1.0809  1.0805  LOSS   -265.032    26427.47   
 22     262    2.9000000000000012     SELL      1.081    1.0811  1.0807   WIN   760.9612    27188.43   
 23     270    2.9000000000000012     SELL      1.0807   1.0808  1.0804   WIN   782.8727    27971.31   
 24     278    2.9000000000000012     SELL      1.0805   1.0806  1.0802   WIN   805.415     28776.72   
 25     286    2.9000000000000012     SELL      1.0802   1.0803  1.0799  LOSS  -285.7263    28490.99   
 26     283    2.9000000000000012     SELL      1.0803   1.0804   1.08   LOSS  -282.8893    28208.11   
 27     280    2.9000000000000012     SELL      1.0805   1.0806  1.0802  LOSS  -280.0805    27928.02   
 28     277    2.9000000000000012     SELL      1.0808   1.0809  1.0805   WIN   804.1686    28732.19   
 29     285    2.9000000000000012     SELL      1.0803   1.0804   1.08    WIN   827.3242    29559.52   
 30     293    2.9000000000000012     SELL      1.0798   1.0799  1.0795   WIN   851.1465    30410.66   
 31     302    2.9000000000000012     SELL      1.0793   1.0794   1.079  LOSS  -301.9499    30108.71   
 32     299    2.9000000000000012     SELL      1.0796   1.0797  1.0793   WIN   866.9602    30975.67   
 33     308    2.9000000000000012     SELL      1.0791   1.0792  1.0788   WIN   891.9237    31867.6    
 34     316    2.9000000000000012     SELL      1.0788   1.0789  1.0785   WIN   917.6061    32785.2    
 35     326    2.9000000000000012     SELL      1.0787   1.0788  1.0784   WIN   944.028     33729.23   
 36     335    2.9000000000000012     SELL      1.0782   1.0783  1.0779  LOSS  -334.9002    33394.33   
 37     332    2.9000000000000012     SELL      1.0786   1.0787  1.0783  LOSS  -331.5749    33062.76   
 38     328    2.9000000000000012     SELL      1.0794   1.0795  1.0791  LOSS  -328.2827    32734.47   
 39     325    2.9000000000000012     SELL      1.0812   1.0813  1.0809   WIN   942.5673    33677.04   
 40     334    2.9000000000000012     SELL      1.0799    1.08   1.0796  LOSS   -334.382    33342.66   
 41     331    2.9000000000000012     SELL       1.08    1.0801  1.0797   WIN   960.0795    34302.74   
 42     341    2.9000000000000012     SELL      1.0791   1.0792  1.0788  LOSS  -340.5946    33962.14   
 43     337    2.9000000000000012     SELL      1.0795   1.0796  1.0792  LOSS  -337.2128    33624.93   
 44     334    2.9000000000000012     SELL      1.0798   1.0799  1.0795  LOSS  -333.8646    33291.07   
 45     331    2.9000000000000012     SELL      1.0805   1.0806  1.0802  LOSS  -330.5496    32960.52   
 46     327    2.9000000000000012     SELL      1.0804   1.0805  1.0801   WIN   949.076     33909.59   
 47     337    2.9000000000000012     SELL      1.0789    1.079  1.0786  LOSS   -336.691    33572.9    
 48     333    2.9000000000000012     SELL      1.0789    1.079  1.0786   WIN   966.7092    34539.61   
 49     343    2.9000000000000012     SELL      1.0783   1.0784   1.078  LOSS  -342.9465    34196.67   
 50     340    2.9000000000000012     SELL      1.0782   1.0783  1.0779   WIN   984.6701    35181.34   
 51     349    2.9000000000000012     SELL      1.077    1.0771  1.0767  LOSS  -349.3182    34832.02   
 52     346    2.9000000000000012     SELL      1.0768   1.0769  1.0765   WIN  1002.9644    35834.98   
 53     356    2.9000000000000012     SELL      1.0767   1.0768  1.0764  LOSS  -355.8083    35479.17   
 54     352    2.9000000000000012     SELL      1.0767   1.0768  1.0764   WIN   1021.599    36500.77   
 55     362    2.9000000000000012     SELL      1.0767   1.0768  1.0764   WIN  1051.0151    37551.79   
 56     373    2.9000000000000012     SELL      1.0764   1.0765  1.0761   WIN  1081.2783    38633.07   
 57     384    2.9000000000000012     SELL      1.0763   1.0764   1.076   WIN   1112.413    39745.48   
 58     395    2.9000000000000012     SELL      1.076    1.0761  1.0757   WIN  1144.4444    40889.92   
 59     406    2.9000000000000012     SELL      1.0758   1.0759  1.0755   WIN  1177.3977    42067.32   
 60     418    2.9000000000000012     SELL      1.0752   1.0753  1.0749   WIN  1211.3001    43278.62   
 61     430    2.9000000000000012     SELL      1.0747   1.0748  1.0744   WIN  1246.1787    44524.8    
 62     442    2.9000000000000012     SELL      1.0742   1.0743  1.0739  LOSS  -442.0902    44082.71   
 63     438    2.9000000000000012     SELL      1.074    1.0741  1.0737   WIN   1269.332    45352.04   
 64     450    2.9000000000000012     SELL      1.0736   1.0737  1.0733   WIN  1305.8816    46657.92   
 65     463    2.9000000000000012     SELL      1.0735   1.0736  1.0732  LOSS  -463.2702    46194.65   
 66     459    2.9000000000000012     SELL      1.0738   1.0739  1.0735  LOSS  -458.6703    45735.98   
 67     454    2.9000000000000012     SELL      1.0738   1.0739  1.0735  LOSS  -454.1161    45281.87   
 68     450    2.9000000000000012     SELL      1.074    1.0741  1.0737  LOSS  -449.6072    44832.26   
 69     445    2.9000000000000012     SELL      1.0741   1.0742  1.0738  LOSS   -445.143    44387.12   
 70     441    2.9000000000000012     SELL      1.0743   1.0744   1.074   WIN   1278.097    45665.21   
 71     453    2.9000000000000012     SELL      1.0739    1.074  1.0736  LOSS  -453.4135    45211.8    
 72     449    2.9000000000000012     SELL      1.0739    1.074  1.0736   WIN  1301.8434    46513.64   
 73     462    2.9000000000000012     SELL      1.0736   1.0737  1.0733  LOSS  -461.8376    46051.81   
 74     457    2.9000000000000012     SELL      1.074    1.0741  1.0737  LOSS   -457.252    45594.55   
 75     453    2.9000000000000012     SELL      1.0741   1.0742  1.0738  LOSS  -452.7119    45141.84   
 76     448    2.9000000000000012     SELL      1.0742   1.0743  1.0739  LOSS  -448.2169    44693.62   
 77     444    2.9000000000000012     SELL      1.0741   1.0742  1.0738  LOSS  -443.7665    44249.86   
 78     439    2.9000000000000012     SELL      1.0743   1.0744   1.074   WIN  1274.1449    45524.0    
 79     452    2.9000000000000012     SELL      1.074    1.0741  1.0737   WIN  1310.8331    46834.84   
 80     465    2.9000000000000012     SELL      1.0736   1.0737  1.0733  LOSS  -465.0267    46369.81   
 81     460    2.9000000000000012     SELL      1.074    1.0741  1.0737   WIN  1335.1876    47705.0    
 82     474    2.9000000000000012     SELL      1.0736   1.0737  1.0733  LOSS  -473.6666    47231.33   
 83     469    2.9000000000000012     SELL      1.0738   1.0739  1.0735  LOSS  -468.9636    46762.37   
 84     464    2.9000000000000012     SELL      1.0739    1.074  1.0736  LOSS  -464.3072    46298.06   
 85     460    2.9000000000000012     SELL      1.074    1.0741  1.0737   WIN  1333.1213    47631.18   
 86     473    2.9000000000000012     SELL      1.0738   1.0739  1.0735  LOSS  -472.9337    47158.25   
 87     468    2.9000000000000012     SELL      1.0738   1.0739  1.0735  LOSS  -468.2379    46690.01   
 88     464    2.9000000000000012     SELL      1.0739    1.074  1.0736   WIN  1344.4072    48034.42   
 89     477    2.9000000000000012     SELL      1.0737   1.0738  1.0734  LOSS  -476.9375    47557.48   
 90     472    2.9000000000000012     SELL      1.074    1.0741  1.0737  LOSS  -472.2019    47085.28   
 91     468    2.9000000000000012     SELL      1.074    1.0741  1.0737  LOSS  -467.5134    46617.76   
 92     463    2.9000000000000012     SELL      1.074    1.0741  1.0737  LOSS  -462.8714    46154.89   
 93     458    2.9000000000000012     SELL      1.0741   1.0742  1.0738  LOSS  -458.2755    45696.62   
 94     454    2.9000000000000012     SELL      1.0742   1.0743  1.0739  LOSS  -453.7253    45242.89   
 95     449    2.9000000000000012     SELL      1.0743   1.0744   1.074  LOSS  -449.2202    44793.67   
 96     445    2.9000000000000012     SELL      1.0743   1.0744   1.074   WIN  1289.8037    46083.48   
 97     458    2.9000000000000012     SELL      1.0739    1.074  1.0736  LOSS  -457.5664    45625.91   
 98     453    2.9000000000000012     SELL      1.0739    1.074  1.0736  LOSS  -453.0232    45172.89   
 99     449    2.9000000000000012     SELL      1.074    1.0741  1.0737   WIN  1300.7228    46473.61   
100     461    2.9000000000000012     SELL      1.0738   1.0739  1.0735   WIN  1338.1763    47811.78   
101     475    2.9000000000000012     SELL      1.0736   1.0737  1.0733  LOSS  -474.7269    47337.06   
102     470    2.9000000000000012     SELL      1.0737   1.0738  1.0734   WIN  1363.0386    48700.1    
103     484    2.9000000000000012     SELL      1.0734   1.0735  1.0731   WIN  1402.2866    50102.38   
104     497    2.9000000000000012     SELL      1.0731   1.0732  1.0728   WIN  1442.6645    51545.05   
105     512    2.9000000000000012     SELL      1.0729    1.073  1.0726  LOSS  -511.7948    51033.25   
106     507    2.9000000000000012     SELL      1.0731   1.0732  1.0728   WIN   1469.468    52502.72   
107     521    2.9000000000000012     SELL      1.0727   1.0728  1.0724   WIN  1511.7804    54014.5    
108     536    2.9000000000000012     SELL      1.0718   1.0719  1.0715  LOSS  -536.3142    53478.19   
109     531    2.9000000000000012     SELL      1.0721   1.0722  1.0718  LOSS  -530.9891    52947.2    
110     526    2.9000000000000012     SELL      1.0725   1.0726  1.0722  LOSS  -525.7169    52421.48   
111     520    2.9000000000000012     SELL      1.0725   1.0726  1.0722   WIN  1509.4413    53930.92   
112     535    2.9000000000000012     SELL      1.0712   1.0713  1.0709  LOSS  -535.4843    53395.44   
113     530    2.9000000000000012     SELL      1.0717   1.0718  1.0714  LOSS  -530.1675    52865.27   
114     525    2.9000000000000012     SELL      1.0713   1.0714   1.071   WIN  1522.2199    54387.49   
115     540    2.9000000000000012     SELL      1.0713   1.0714   1.071   WIN   1566.051    55953.54   
116     556    2.9000000000000012     SELL      1.0708   1.0709  1.0705  LOSS  -555.5671    55397.97   
117     550    2.9000000000000012     SELL      1.0711   1.0712  1.0708   WIN  1595.1473    56993.12   
118     566    2.9000000000000012     SELL      1.0704   1.0705  1.0701  LOSS  -565.8891    56427.23   
119     560    2.9000000000000012     SELL      1.0704   1.0705  1.0701   WIN  1624.7842    58052.02   
120     576    2.9000000000000012     SELL       1.07    1.0701  1.0697   WIN  1671.5687    59723.59   
121     593    2.9000000000000012     SELL      1.069    1.0691  1.0687  LOSS  -593.0001    59130.59   
122     587    2.9000000000000012     SELL      1.0692   1.0693  1.0689   WIN  1702.6254    60833.21   
123     604    2.9000000000000012     BUY       1.0687   1.0686   1.069  LOSS  -604.0177    60229.19   
124     598    2.9000000000000012     BUY       1.0684   1.0683  1.0687  LOSS  -598.0204    59631.17   
125     592    2.9000000000000012     BUY       1.0681    1.068  1.0684  LOSS  -592.0826    59039.09   
126     586    2.9000000000000012     BUY       1.0673   1.0672  1.0676   WIN  1699.9907    60739.08   
127     603    2.9000000000000012     SELL      1.0684   1.0685  1.0681  LOSS  -603.0831    60136.0    
128     597    2.9000000000000012     BUY       1.0687   1.0686   1.069  LOSS   -597.095    59538.9    
129     591    2.9000000000000012     SELL      1.0686   1.0687  1.0683  LOSS  -591.1664    58947.74   
130     585    2.9000000000000012     SELL      1.0689    1.069  1.0686  LOSS  -585.2967    58362.44   
131     579    2.9000000000000012     SELL      1.069    1.0691  1.0687  LOSS  -579.4852    57782.95   
132     574    2.9000000000000012     SELL      1.069    1.0691  1.0687  LOSS  -573.7315    57209.22   
133     568    2.9000000000000012     SELL      1.0695   1.0696  1.0692  LOSS  -568.0348    56641.19   
134     562    2.9000000000000012     SELL      1.0698   1.0699  1.0695   WIN  1630.9449    58272.13   
135     579    2.9000000000000012     SELL      1.0697   1.0698  1.0694  LOSS  -578.5886    57693.54   
136     573    2.9000000000000012     SELL       1.07    1.0701  1.0697  LOSS  -572.8437    57120.7    
137     567    2.9000000000000012     SELL      1.0701   1.0702  1.0698  LOSS  -567.1559    56553.54   
138     562    2.9000000000000012     SELL      1.0702   1.0703  1.0699   WIN  1628.4213    58181.97   
139     578    2.9000000000000012     SELL      1.0698   1.0699  1.0695  LOSS  -577.6933    57604.27   
140     572    2.9000000000000012     SELL      1.0694   1.0695  1.0691   WIN  1658.6762    59262.95   
141     588    2.9000000000000012     SELL      1.0686   1.0687  1.0683  LOSS  -588.4264    58674.52   
142     583    2.9000000000000012     SELL      1.0685   1.0686  1.0682  LOSS  -582.5839    58091.94   
143     577    2.9000000000000012     BUY       1.0685   1.0684  1.0688  LOSS  -576.7994    57515.14   
144     571    2.9000000000000012     SELL      1.0684   1.0685  1.0681  LOSS  -571.0723    56944.07   
145     565    2.9000000000000012     SELL      1.0692   1.0693  1.0689  LOSS  -565.4021    56378.66   
146     560    2.9000000000000012     SELL      1.069    1.0691  1.0687   WIN  1623.3858    58002.05   
147     576    2.9000000000000012     BUY       1.0685   1.0684  1.0688  LOSS  -575.9069    57426.14   
148     570    2.9000000000000012     BUY       1.0676   1.0675  1.0679  LOSS  -570.1887    56855.95   
149     565    2.9000000000000012     BUY       1.0675   1.0674  1.0678  LOSS  -564.5272    56291.43   
150     559    2.9000000000000012     BUY       1.0674   1.0673  1.0677  LOSS   -558.922    55732.51   
151     553    2.9000000000000012     BUY       1.0669   1.0668  1.0672   WIN   1604.78     57337.29   
152     569    2.9000000000000012     BUY       1.0675   1.0674  1.0678   WIN  1650.9886    58988.27   
153     586    2.9000000000000012     BUY       1.0676   1.0675  1.0679  LOSS  -585.6992    58402.58   
154     580    2.9000000000000012     BUY       1.0681    1.068  1.0684  LOSS  -579.8837    57822.69   
155     574    2.9000000000000012     BUY       1.0677   1.0676   1.068  LOSS   -574.126    57248.57   
156     568    2.9000000000000012     BUY       1.0671    1.067  1.0674   WIN   1648.434    58897.0    
157     585    2.9000000000000012     SELL      1.0683   1.0684   1.068  LOSS  -584.7929    58312.21   
158     579    2.9000000000000012     SELL      1.0691   1.0692  1.0688  LOSS  -578.9864    57733.22   
159     573    2.9000000000000012     SELL      1.0693   1.0694   1.069  LOSS  -573.2376    57159.98   
160     568    2.9000000000000012     SELL      1.0696   1.0697  1.0693  LOSS  -567.5459    56592.44   
161     562    2.9000000000000012     SELL      1.0698   1.0699  1.0695  LOSS  -561.9107    56030.53   
162     556    2.9000000000000012     SELL      1.0699    1.07   1.0696   WIN  1613.3614    57643.89   
163     572    2.9000000000000012     SELL      1.0697   1.0698  1.0694  LOSS  -572.3507    57071.54   
164     567    2.9000000000000012     SELL      1.0697   1.0698  1.0694   WIN  1643.3363    58714.87   
165     583    2.9000000000000012     SELL      1.0696   1.0697  1.0693  LOSS  -582.9846    58131.89   
166     577    2.9000000000000012     SELL      1.0698   1.0699  1.0695  LOSS  -577.1961    57554.69   
167     571    2.9000000000000012     SELL      1.0699    1.07   1.0696  LOSS   -571.465    56983.23   
168     566    2.9000000000000012     SELL      1.0701   1.0702  1.0698  LOSS  -565.7909    56417.44   
169     560    2.9000000000000012     SELL      1.0701   1.0702  1.0698  LOSS  -560.1731    55857.26   
170     555    2.9000000000000012     SELL      1.0703   1.0704   1.07   LOSS  -554.6111    55302.65   
171     549    2.9000000000000012     SELL      1.0701   1.0702  1.0698  LOSS  -549.1043    54753.55   
172     544    2.9000000000000012     SELL      1.0702   1.0703  1.0699   WIN  1576.5914    56330.14   
173     559    2.9000000000000012     SELL      1.0699    1.07   1.0696   WIN  1621.9883    57952.13   
174     575    2.9000000000000012     SELL      1.0695   1.0696  1.0692  LOSS  -575.4112    57376.72   
175     570    2.9000000000000012     SELL      1.0696   1.0697  1.0693  LOSS  -569.6979    56807.02   
176     564    2.9000000000000012     SELL      1.0697   1.0698  1.0694  LOSS  -564.0413    56242.98   
177     558    2.9000000000000012     SELL      1.0699    1.07   1.0696  LOSS  -558.4409    55684.54   
178     553    2.9000000000000012     SELL       1.07    1.0701  1.0697  LOSS  -552.8961    55131.64   
179     547    2.9000000000000012     SELL      1.0701   1.0702  1.0698  LOSS  -547.4064    54584.23   
180     542    2.9000000000000012     SELL      1.0702   1.0703  1.0699  LOSS  -541.9711    54042.26   
181     537    2.9000000000000012     SELL      1.0703   1.0704   1.07   LOSS  -536.5898    53505.67   
182     531    2.9000000000000012     SELL      1.0704   1.0705  1.0701  LOSS   -531.262    52974.41   
183     526    2.9000000000000012     SELL      1.0706   1.0707  1.0703  LOSS  -525.9871    52448.42   
