Name: EURUSD_H8_candles.csv
Initial Account: 25000
Total Trades: 26
Win Rate: 30.77%
$ (%) Gain: 5827.6(23.31%)
Max Drawdown: 0.0%
 #  Lot Size          RR         Direction  Entry ($)  SL ($)  TP ($)   W/L   Gain ($)  Account ($)  
 1   5.3879   4.999999999999998     BUY       1.0547   1.0501  1.0777   WIN   1239.217    26239.22   
 2   6.4222   4.999999999999998     SELL      1.0789    1.083  1.0584  LOSS  -263.3102    25975.91   
 3   6.3577   4.999999999999998     SELL      1.0873   1.0914  1.0668  LOSS  -260.6657    25715.24   
 4   6.2939   4.999999999999998     SELL      1.0911   1.0952  1.0706  LOSS  -258.0499    25457.19   
 5   6.2308   4.999999999999998     SELL      1.0957   1.0998  1.0752  LOSS  -255.4628    25201.73   
 6   6.1683   4.999999999999998     SELL      1.0994   1.1035  1.0789   WIN  1264.5015    26466.23   
 7   6.4777   4.999999999999998     BUY       1.0794   1.0753  1.0999  LOSS  -265.5857    26200.64   
 8   6.4127   4.999999999999998     BUY       1.0747   1.0706  1.0952   WIN  1314.6035    27515.25   
 9   6.7345   4.999999999999998     SELL      1.0996   1.1037  1.0791  LOSS  -276.1145    27239.13   
10   6.6669   4.999999999999998     SELL      1.1029    1.107  1.0824  LOSS  -273.3429    26965.79   
11     6.6    4.999999999999998     SELL      1.107    1.1111  1.0865  LOSS    -270.6     26695.19   
12   6.5338   4.999999999999998     SELL      1.1109    1.115  1.0904   WIN   1339.429    28034.62   
13   6.8616   4.999999999999998     SELL      1.0917   1.0958  1.0712  LOSS  -281.3256    27753.29   
14   6.7928   4.999999999999998     SELL      1.0947   1.0988  1.0742  LOSS  -278.5048    27474.79   
15   6.7246   4.999999999999998     SELL      1.0949    1.099  1.0744  LOSS  -275.7086    27199.08   
16   6.6571   4.999999999999998     SELL      1.094    1.0981  1.0735  LOSS  -272.9411    26926.14   
17   6.5903   4.999999999999998     SELL      1.0976   1.1017  1.0771   WIN  1351.0115    28277.15   
18    6.921   4.999999999999998     BUY       1.0782   1.0741  1.0987  LOSS   -283.761    27993.39   
19   6.8515   4.999999999999998     BUY       1.0742   1.0701  1.0947  LOSS  -280.9115    27712.48   
20   6.7828   4.999999999999998     BUY       1.071    1.0669  1.0915   WIN   1390.474    29102.95   
21   7.1231   4.999999999999998     SELL      1.0897   1.0938  1.0692  LOSS  -292.0471    28810.91   
22   7.0516   4.999999999999998     SELL      1.0946   1.0987  1.0741   WIN   1445.578    30256.48   
23   7.4054   4.999999999999998     BUY       1.0741    1.07   1.0946  LOSS  -303.6214    29952.86   
24   7.3311   4.999999999999998     BUY       1.0729   1.0688  1.0934  LOSS  -300.5751    29652.29   
25   7.2576   4.999999999999998     BUY       1.0639   1.0598  1.0844   WIN   1487.808    31140.09   
26   7.6217   4.999999999999998     SELL      1.0861   1.0902  1.0656  LOSS  -312.4897    30827.6    
