Name: EURUSD_S10_candles.csv
Initial Account: 25000
Total Trades: 248
Win Rate: 41.94%
$ (%) Gain: 0.0(0.0%)
Max Drawdown: 0.0%
 #   Lot Size          RR          Direction  Entry ($)  SL ($)  TP ($)   W/L  Gain ($)  Account ($)  
 1     625.0   2.9000000000000012     SELL      1.0805   1.0805  1.0805   WIN     0.0      25000.0    
 2   833.3333  2.9000000000000012     SELL      1.0804   1.0804  1.0804  LOSS    -0.0      25000.0    
 3   833.3333  2.9000000000000012     SELL      1.0804   1.0804  1.0804  LOSS    -0.0      25000.0    
 4   795.4545  2.9000000000000012     SELL      1.0804   1.0804  1.0804  LOSS    -0.0      25000.0    
 5   775.8621  2.9000000000000012     SELL      1.0804   1.0804  1.0804   WIN     0.0      25000.0    
 6   833.3333  2.9000000000000012     SELL      1.0804   1.0804  1.0804  LOSS    -0.0      25000.0    
 7   833.3333  2.9000000000000012     SELL      1.0804   1.0804  1.0804   WIN     0.0      25000.0    
 8   833.3333  2.9000000000000012     SELL      1.0804   1.0804  1.0804   WIN     0.0      25000.0    
 9     875.0   2.9000000000000012     SELL      1.0803   1.0803  1.0803  LOSS    -0.0      25000.0    
 10    875.0   2.9000000000000012     SELL      1.0804   1.0804  1.0804   WIN     0.0      25000.0    
 11    875.0   2.9000000000000012     SELL      1.0803   1.0803  1.0803  LOSS    -0.0      25000.0    
 12    875.0   2.9000000000000012     SELL      1.0803   1.0803  1.0803   WIN     0.0      25000.0    
 13    875.0   2.9000000000000012     SELL      1.0802   1.0802  1.0802  LOSS    -0.0      25000.0    
 14    875.0   2.9000000000000012     SELL      1.0803   1.0803  1.0803  LOSS    -0.0      25000.0    
 15    875.0   2.9000000000000012     SELL      1.0803   1.0803  1.0803   WIN     0.0      25000.0    
 16    875.0   2.9000000000000012     SELL      1.0802   1.0802  1.0802  LOSS    -0.0      25000.0    
 17    875.0   2.9000000000000012     SELL      1.0803   1.0803  1.0803  LOSS    -0.0      25000.0    
 18    875.0   2.9000000000000012     SELL      1.0803   1.0803  1.0803  LOSS    -0.0      25000.0    
 19    875.0   2.9000000000000012     SELL      1.0803   1.0803  1.0803   WIN     0.0      25000.0    
 20    875.0   2.9000000000000012     SELL      1.0802   1.0802  1.0802  LOSS    -0.0      25000.0    
 21    875.0   2.9000000000000012     SELL      1.0802   1.0802  1.0802   WIN     0.0      25000.0    
 22    875.0   2.9000000000000012     SELL      1.0802   1.0802  1.0802   WIN     0.0      25000.0    
 23    875.0   2.9000000000000012     SELL      1.0802   1.0802  1.0802   WIN     0.0      25000.0    
 24    875.0   2.9000000000000012     SELL      1.0802   1.0802  1.0802  LOSS    -0.0      25000.0    
 25    875.0   2.9000000000000012     SELL      1.0802   1.0802  1.0802  LOSS    -0.0      25000.0    
 26    875.0   2.9000000000000012     SELL      1.0802   1.0802  1.0802   WIN     0.0      25000.0    
 27    875.0   2.9000000000000012     BUY       1.0801   1.0801  1.0801   WIN     0.0      25000.0    
 28    875.0   2.9000000000000012     BUY       1.0801   1.0801  1.0801  LOSS    -0.0      25000.0    
 29    875.0   2.9000000000000012     BUY       1.0801   1.0801  1.0801  LOSS    -0.0      25000.0    
 30    875.0   2.9000000000000012     BUY       1.0801   1.0801  1.0801  LOSS    -0.0      25000.0    
 31    875.0   2.9000000000000012     BUY       1.0801   1.0801  1.0801  LOSS    -0.0      25000.0    
 32    875.0   2.9000000000000012     BUY       1.0801   1.0801  1.0801  LOSS    -0.0      25000.0    
 33    875.0   2.9000000000000012     BUY       1.0801   1.0801  1.0801  LOSS    -0.0      25000.0    
 34    875.0   2.9000000000000012     BUY       1.0801   1.0801  1.0801  LOSS    -0.0      25000.0    
 35    875.0   2.9000000000000012     BUY       1.0801   1.0801  1.0801  LOSS    -0.0      25000.0    
 36    875.0   2.9000000000000012     BUY        1.08     1.08    1.08    WIN     0.0      25000.0    
 37    875.0   2.9000000000000012     BUY        1.08     1.08    1.08    WIN     0.0      25000.0    
 38    875.0   2.9000000000000012     BUY       1.0801   1.0801  1.0801  LOSS    -0.0      25000.0    
 39    875.0   2.9000000000000012     BUY        1.08     1.08    1.08    WIN     0.0      25000.0    
 40    875.0   2.9000000000000012     BUY        1.08     1.08    1.08    WIN     0.0      25000.0    
 41    875.0   2.9000000000000012     BUY       1.0801   1.0801  1.0801  LOSS    -0.0      25000.0    
 42    875.0   2.9000000000000012     BUY       1.0801   1.0801  1.0801  LOSS    -0.0      25000.0    
 43    875.0   2.9000000000000012     BUY       1.0801   1.0801  1.0801  LOSS    -0.0      25000.0    
 44    875.0   2.9000000000000012     BUY       1.0801   1.0801  1.0801   WIN     0.0      25000.0    
 45    875.0   2.9000000000000012     SELL      1.0802   1.0802  1.0802   WIN     0.0      25000.0    
 46    875.0   2.9000000000000012     SELL      1.0802   1.0802  1.0802  LOSS    -0.0      25000.0    
 47    875.0   2.9000000000000012     SELL      1.0802   1.0802  1.0802  LOSS    -0.0      25000.0    
 48    875.0   2.9000000000000012     SELL      1.0802   1.0802  1.0802   WIN     0.0      25000.0    
 49    875.0   2.9000000000000012     SELL      1.0801   1.0801  1.0801  LOSS    -0.0      25000.0    
 50    875.0   2.9000000000000012     SELL      1.0802   1.0802  1.0802  LOSS    -0.0      25000.0    
 51    875.0   2.9000000000000012     SELL      1.0802   1.0802  1.0802  LOSS    -0.0      25000.0    
 52    875.0   2.9000000000000012     SELL      1.0801   1.0801  1.0801  LOSS    -0.0      25000.0    
 53    875.0   2.9000000000000012     SELL      1.0802   1.0802  1.0802   WIN     0.0      25000.0    
 54    875.0   2.9000000000000012     SELL      1.0802   1.0802  1.0802   WIN     0.0      25000.0    
 55    875.0   2.9000000000000012     SELL      1.0801   1.0801  1.0801  LOSS    -0.0      25000.0    
 56    875.0   2.9000000000000012     SELL      1.0802   1.0802  1.0802   WIN     0.0      25000.0    
 57    875.0   2.9000000000000012     SELL      1.0802   1.0802  1.0802   WIN     0.0      25000.0    
 58    875.0   2.9000000000000012     BUY       1.0802   1.0802  1.0802  LOSS    -0.0      25000.0    
 59    875.0   2.9000000000000012     SELL      1.0801   1.0801  1.0801  LOSS    -0.0      25000.0    
 60    875.0   2.9000000000000012     BUY       1.0801   1.0801  1.0801   WIN     0.0      25000.0    
 61    875.0   2.9000000000000012     SELL      1.0801   1.0801  1.0801  LOSS    -0.0      25000.0    
 62    875.0   2.9000000000000012     SELL      1.0802   1.0802  1.0802   WIN     0.0      25000.0    
 63    875.0   2.9000000000000012     BUY       1.0801   1.0801  1.0801  LOSS    -0.0      25000.0    
 64    875.0   2.9000000000000012     BUY       1.0801   1.0801  1.0801   WIN     0.0      25000.0    
 65    875.0   2.9000000000000012     BUY       1.0801   1.0801  1.0801  LOSS    -0.0      25000.0    
 66    875.0   2.9000000000000012     BUY       1.0801   1.0801  1.0801   WIN     0.0      25000.0    
 67    875.0   2.9000000000000012     SELL      1.0802   1.0802  1.0802  LOSS    -0.0      25000.0    
 68    875.0   2.9000000000000012     SELL      1.0802   1.0802  1.0802   WIN     0.0      25000.0    
 69    875.0   2.9000000000000012     SELL      1.0801   1.0801  1.0801  LOSS    -0.0      25000.0    
 70    875.0   2.9000000000000012     SELL      1.0802   1.0802  1.0802  LOSS    -0.0      25000.0    
 71    875.0   2.9000000000000012     SELL      1.0803   1.0803  1.0803   WIN     0.0      25000.0    
 72    875.0   2.9000000000000012     SELL      1.0802   1.0802  1.0802  LOSS    -0.0      25000.0    
 73    875.0   2.9000000000000012     SELL      1.0802   1.0802  1.0802  LOSS    -0.0      25000.0    
 74    875.0   2.9000000000000012     SELL      1.0802   1.0802  1.0802   WIN     0.0      25000.0    
 75    875.0   2.9000000000000012     BUY       1.0802   1.0802  1.0802  LOSS    -0.0      25000.0    
 76    875.0   2.9000000000000012     BUY       1.0801   1.0801  1.0801   WIN     0.0      25000.0    
 77    875.0   2.9000000000000012     SELL      1.0802   1.0802  1.0802  LOSS    -0.0      25000.0    
 78    875.0   2.9000000000000012     SELL      1.0802   1.0802  1.0802   WIN     0.0      25000.0    
 79    875.0   2.9000000000000012     SELL      1.0802   1.0802  1.0802  LOSS    -0.0      25000.0    
 80    875.0   2.9000000000000012     BUY       1.0802   1.0802  1.0802  LOSS    -0.0      25000.0    
 81    875.0   2.9000000000000012     BUY       1.0801   1.0801  1.0801   WIN     0.0      25000.0    
 82    875.0   2.9000000000000012     BUY       1.0801   1.0801  1.0801   WIN     0.0      25000.0    
 83    875.0   2.9000000000000012     BUY       1.0801   1.0801  1.0801   WIN     0.0      25000.0    
 84    875.0   2.9000000000000012     SELL      1.0802   1.0802  1.0802  LOSS    -0.0      25000.0    
 85    875.0   2.9000000000000012     SELL      1.0802   1.0802  1.0802  LOSS    -0.0      25000.0    
 86    875.0   2.9000000000000012     SELL      1.0802   1.0802  1.0802  LOSS    -0.0      25000.0    
 87    875.0   2.9000000000000012     SELL      1.0802   1.0802  1.0802  LOSS    -0.0      25000.0    
 88    875.0   2.9000000000000012     SELL      1.0802   1.0802  1.0802  LOSS    -0.0      25000.0    
 89    875.0   2.9000000000000012     SELL      1.0802   1.0802  1.0802  LOSS    -0.0      25000.0    
 90    875.0   2.9000000000000012     SELL      1.0802   1.0802  1.0802  LOSS    -0.0      25000.0    
 91    875.0   2.9000000000000012     SELL      1.0802   1.0802  1.0802  LOSS    -0.0      25000.0    
 92    875.0   2.9000000000000012     SELL      1.0802   1.0802  1.0802  LOSS    -0.0      25000.0    
 93    875.0   2.9000000000000012     SELL      1.0802   1.0802  1.0802  LOSS    -0.0      25000.0    
 94    875.0   2.9000000000000012     SELL      1.0802   1.0802  1.0802  LOSS    -0.0      25000.0    
 95    875.0   2.9000000000000012     SELL      1.0802   1.0802  1.0802   WIN     0.0      25000.0    
 96    875.0   2.9000000000000012     SELL      1.0802   1.0802  1.0802   WIN     0.0      25000.0    
 97    875.0   2.9000000000000012     SELL      1.0802   1.0802  1.0802   WIN     0.0      25000.0    
 98    875.0   2.9000000000000012     SELL      1.0801   1.0801  1.0801  LOSS    -0.0      25000.0    
 99    875.0   2.9000000000000012     SELL      1.0802   1.0802  1.0802  LOSS    -0.0      25000.0    
100    875.0   2.9000000000000012     SELL      1.0802   1.0802  1.0802  LOSS    -0.0      25000.0    
101    875.0   2.9000000000000012     SELL      1.0802   1.0802  1.0802   WIN     0.0      25000.0    
102    875.0   2.9000000000000012     SELL      1.0802   1.0802  1.0802   WIN     0.0      25000.0    
103    875.0   2.9000000000000012     SELL      1.0802   1.0802  1.0802  LOSS    -0.0      25000.0    
104    875.0   2.9000000000000012     SELL      1.0802   1.0802  1.0802  LOSS    -0.0      25000.0    
105    875.0   2.9000000000000012     SELL      1.0802   1.0802  1.0802   WIN     0.0      25000.0    
106    875.0   2.9000000000000012     SELL      1.0802   1.0802  1.0802   WIN     0.0      25000.0    
107    875.0   2.9000000000000012     SELL      1.0802   1.0802  1.0802   WIN     0.0      25000.0    
108    875.0   2.9000000000000012     SELL      1.0802   1.0802  1.0802   WIN     0.0      25000.0    
109    875.0   2.9000000000000012     BUY       1.0802   1.0802  1.0802  LOSS    -0.0      25000.0    
110    875.0   2.9000000000000012     BUY       1.0801   1.0801  1.0801   WIN     0.0      25000.0    
111    875.0   2.9000000000000012     SELL      1.0802   1.0802  1.0802  LOSS    -0.0      25000.0    
112    875.0   2.9000000000000012     SELL      1.0802   1.0802  1.0802  LOSS    -0.0      25000.0    
113    875.0   2.9000000000000012     SELL      1.0802   1.0802  1.0802  LOSS    -0.0      25000.0    
114    875.0   2.9000000000000012     SELL      1.0802   1.0802  1.0802  LOSS    -0.0      25000.0    
115    875.0   2.9000000000000012     SELL      1.0802   1.0802  1.0802  LOSS    -0.0      25000.0    
116    875.0   2.9000000000000012     SELL      1.0802   1.0802  1.0802  LOSS    -0.0      25000.0    
117    875.0   2.9000000000000012     SELL      1.0802   1.0802  1.0802   WIN     0.0      25000.0    
118    875.0   2.9000000000000012     SELL      1.0801   1.0801  1.0801  LOSS    -0.0      25000.0    
119    875.0   2.9000000000000012     SELL      1.0802   1.0802  1.0802   WIN     0.0      25000.0    
120    875.0   2.9000000000000012     BUY       1.0802   1.0802  1.0802  LOSS    -0.0      25000.0    
121    875.0   2.9000000000000012     BUY       1.0801   1.0801  1.0801  LOSS    -0.0      25000.0    
122    875.0   2.9000000000000012     BUY       1.0801   1.0801  1.0801  LOSS    -0.0      25000.0    
123    875.0   2.9000000000000012     SELL      1.0801   1.0801  1.0801  LOSS    -0.0      25000.0    
124    875.0   2.9000000000000012     BUY       1.0801   1.0801  1.0801  LOSS    -0.0      25000.0    
125    875.0   2.9000000000000012     BUY       1.0801   1.0801  1.0801  LOSS    -0.0      25000.0    
126    875.0   2.9000000000000012     BUY        1.08     1.08    1.08    WIN     0.0      25000.0    
127    875.0   2.9000000000000012     BUY        1.08     1.08    1.08   LOSS    -0.0      25000.0    
128    875.0   2.9000000000000012     BUY        1.08     1.08    1.08    WIN     0.0      25000.0    
129    875.0   2.9000000000000012     BUY        1.08     1.08    1.08    WIN     0.0      25000.0    
130    875.0   2.9000000000000012     BUY        1.08     1.08    1.08   LOSS    -0.0      25000.0    
131    875.0   2.9000000000000012     BUY        1.08     1.08    1.08   LOSS    -0.0      25000.0    
132    875.0   2.9000000000000012     BUY        1.08     1.08    1.08   LOSS    -0.0      25000.0    
133    875.0   2.9000000000000012     BUY        1.08     1.08    1.08    WIN     0.0      25000.0    
134    875.0   2.9000000000000012     BUY       1.0801   1.0801  1.0801  LOSS    -0.0      25000.0    
135    875.0   2.9000000000000012     BUY       1.0801   1.0801  1.0801  LOSS    -0.0      25000.0    
136    875.0   2.9000000000000012     BUY       1.0801   1.0801  1.0801  LOSS    -0.0      25000.0    
137    875.0   2.9000000000000012     BUY       1.0801   1.0801  1.0801  LOSS    -0.0      25000.0    
138    875.0   2.9000000000000012     BUY       1.0801   1.0801  1.0801  LOSS    -0.0      25000.0    
139    875.0   2.9000000000000012     BUY       1.0801   1.0801  1.0801   WIN     0.0      25000.0    
140    875.0   2.9000000000000012     BUY       1.0801   1.0801  1.0801   WIN     0.0      25000.0    
141    875.0   2.9000000000000012     SELL      1.0802   1.0802  1.0802  LOSS    -0.0      25000.0    
142    875.0   2.9000000000000012     SELL      1.0802   1.0802  1.0802  LOSS    -0.0      25000.0    
143    875.0   2.9000000000000012     SELL      1.0803   1.0803  1.0803  LOSS    -0.0      25000.0    
144    875.0   2.9000000000000012     SELL      1.0803   1.0803  1.0803   WIN     0.0      25000.0    
145    875.0   2.9000000000000012     SELL      1.0803   1.0803  1.0803  LOSS    -0.0      25000.0    
146    875.0   2.9000000000000012     SELL      1.0803   1.0803  1.0803  LOSS    -0.0      25000.0    
147    875.0   2.9000000000000012     SELL      1.0803   1.0803  1.0803  LOSS    -0.0      25000.0    
148    875.0   2.9000000000000012     SELL      1.0803   1.0803  1.0803   WIN     0.0      25000.0    
149    875.0   2.9000000000000012     SELL      1.0803   1.0803  1.0803   WIN     0.0      25000.0    
150    875.0   2.9000000000000012     SELL      1.0803   1.0803  1.0803   WIN     0.0      25000.0    
151    875.0   2.9000000000000012     SELL      1.0803   1.0803  1.0803   WIN     0.0      25000.0    
152    875.0   2.9000000000000012     SELL      1.0802   1.0802  1.0802  LOSS    -0.0      25000.0    
153    875.0   2.9000000000000012     SELL      1.0802   1.0802  1.0802   WIN     0.0      25000.0    
154    875.0   2.9000000000000012     SELL      1.0802   1.0802  1.0802   WIN     0.0      25000.0    
155    875.0   2.9000000000000012     SELL      1.0801   1.0801  1.0801  LOSS    -0.0      25000.0    
156    875.0   2.9000000000000012     SELL      1.0802   1.0802  1.0802   WIN     0.0      25000.0    
157    875.0   2.9000000000000012     SELL      1.0802   1.0802  1.0802   WIN     0.0      25000.0    
158    875.0   2.9000000000000012     SELL      1.0802   1.0802  1.0802   WIN     0.0      25000.0    
159    875.0   2.9000000000000012     BUY       1.0801   1.0801  1.0801   WIN     0.0      25000.0    
160    875.0   2.9000000000000012     SELL      1.0802   1.0802  1.0802   WIN     0.0      25000.0    
161    875.0   2.9000000000000012     SELL      1.0802   1.0802  1.0802   WIN     0.0      25000.0    
162    875.0   2.9000000000000012     SELL      1.0802   1.0802  1.0802   WIN     0.0      25000.0    
163    875.0   2.9000000000000012     SELL      1.0802   1.0802  1.0802   WIN     0.0      25000.0    
164    875.0   2.9000000000000012     SELL      1.0802   1.0802  1.0802  LOSS    -0.0      25000.0    
165    875.0   2.9000000000000012     SELL      1.0802   1.0802  1.0802  LOSS    -0.0      25000.0    
166    875.0   2.9000000000000012     SELL      1.0802   1.0802  1.0802  LOSS    -0.0      25000.0    
167    875.0   2.9000000000000012     SELL      1.0802   1.0802  1.0802  LOSS    -0.0      25000.0    
168    875.0   2.9000000000000012     SELL      1.0802   1.0802  1.0802  LOSS    -0.0      25000.0    
169    875.0   2.9000000000000012     SELL      1.0802   1.0802  1.0802  LOSS    -0.0      25000.0    
170    875.0   2.9000000000000012     SELL      1.0802   1.0802  1.0802  LOSS    -0.0      25000.0    
171    875.0   2.9000000000000012     SELL      1.0803   1.0803  1.0803   WIN     0.0      25000.0    
172    875.0   2.9000000000000012     SELL      1.0803   1.0803  1.0803   WIN     0.0      25000.0    
173    875.0   2.9000000000000012     SELL      1.0802   1.0802  1.0802  LOSS    -0.0      25000.0    
174    875.0   2.9000000000000012     SELL      1.0802   1.0802  1.0802  LOSS    -0.0      25000.0    
175    875.0   2.9000000000000012     SELL      1.0803   1.0803  1.0803   WIN     0.0      25000.0    
176    875.0   2.9000000000000012     SELL      1.0803   1.0803  1.0803   WIN     0.0      25000.0    
177    875.0   2.9000000000000012     SELL      1.0803   1.0803  1.0803  LOSS    -0.0      25000.0    
178    875.0   2.9000000000000012     SELL      1.0803   1.0803  1.0803   WIN     0.0      25000.0    
179    875.0   2.9000000000000012     SELL      1.0803   1.0803  1.0803  LOSS    -0.0      25000.0    
180    875.0   2.9000000000000012     SELL      1.0803   1.0803  1.0803  LOSS    -0.0      25000.0    
181    875.0   2.9000000000000012     SELL      1.0803   1.0803  1.0803  LOSS    -0.0      25000.0    
182    875.0   2.9000000000000012     SELL      1.0804   1.0804  1.0804   WIN     0.0      25000.0    
183    875.0   2.9000000000000012     SELL      1.0804   1.0804  1.0804   WIN     0.0      25000.0    
184    875.0   2.9000000000000012     SELL      1.0803   1.0803  1.0803   WIN     0.0      25000.0    
185    875.0   2.9000000000000012     SELL      1.0802   1.0802  1.0802  LOSS    -0.0      25000.0    
186    875.0   2.9000000000000012     SELL      1.0802   1.0802  1.0802   WIN     0.0      25000.0    
187    875.0   2.9000000000000012     BUY       1.0801   1.0801  1.0801   WIN     0.0      25000.0    
188    875.0   2.9000000000000012     BUY       1.0801   1.0801  1.0801   WIN     0.0      25000.0    
189    875.0   2.9000000000000012     BUY       1.0801   1.0801  1.0801   WIN     0.0      25000.0    
190    875.0   2.9000000000000012     SELL      1.0802   1.0802  1.0802   WIN     0.0      25000.0    
191    875.0   2.9000000000000012     SELL      1.0802   1.0802  1.0802  LOSS    -0.0      25000.0    
192    875.0   2.9000000000000012     SELL      1.0802   1.0802  1.0802   WIN     0.0      25000.0    
193    875.0   2.9000000000000012     SELL      1.0802   1.0802  1.0802  LOSS    -0.0      25000.0    
194    875.0   2.9000000000000012     SELL      1.0802   1.0802  1.0802  LOSS    -0.0      25000.0    
195    875.0   2.9000000000000012     SELL      1.0802   1.0802  1.0802  LOSS    -0.0      25000.0    
196    875.0   2.9000000000000012     SELL      1.0802   1.0802  1.0802   WIN     0.0      25000.0    
197    875.0   2.9000000000000012     SELL      1.0802   1.0802  1.0802  LOSS    -0.0      25000.0    
198    875.0   2.9000000000000012     SELL      1.0802   1.0802  1.0802  LOSS    -0.0      25000.0    
199    875.0   2.9000000000000012     SELL      1.0802   1.0802  1.0802   WIN     0.0      25000.0    
200    875.0   2.9000000000000012     SELL      1.0802   1.0802  1.0802   WIN     0.0      25000.0    
201    875.0   2.9000000000000012     SELL      1.0802   1.0802  1.0802   WIN     0.0      25000.0    
202    875.0   2.9000000000000012     BUY       1.0802   1.0802  1.0802  LOSS    -0.0      25000.0    
203    875.0   2.9000000000000012     BUY       1.0801   1.0801  1.0801  LOSS    -0.0      25000.0    
204    875.0   2.9000000000000012     BUY       1.0801   1.0801  1.0801  LOSS    -0.0      25000.0    
205    875.0   2.9000000000000012     BUY       1.0801   1.0801  1.0801  LOSS    -0.0      25000.0    
206    875.0   2.9000000000000012     BUY        1.08     1.08    1.08    WIN     0.0      25000.0    
207    875.0   2.9000000000000012     BUY        1.08     1.08    1.08    WIN     0.0      25000.0    
208    875.0   2.9000000000000012     BUY        1.08     1.08    1.08    WIN     0.0      25000.0    
209    875.0   2.9000000000000012     BUY       1.0801   1.0801  1.0801  LOSS    -0.0      25000.0    
210    875.0   2.9000000000000012     BUY        1.08     1.08    1.08    WIN     0.0      25000.0    
211    875.0   2.9000000000000012     BUY        1.08     1.08    1.08   LOSS    -0.0      25000.0    
212    875.0   2.9000000000000012     BUY        1.08     1.08    1.08    WIN     0.0      25000.0    
213    875.0   2.9000000000000012     BUY       1.0801   1.0801  1.0801  LOSS    -0.0      25000.0    
214    875.0   2.9000000000000012     BUY        1.08     1.08    1.08   LOSS    -0.0      25000.0    
215    875.0   2.9000000000000012     BUY        1.08     1.08    1.08   LOSS    -0.0      25000.0    
216    875.0   2.9000000000000012     BUY        1.08     1.08    1.08    WIN     0.0      25000.0    
217    875.0   2.9000000000000012     BUY        1.08     1.08    1.08   LOSS    -0.0      25000.0    
218    875.0   2.9000000000000012     BUY        1.08     1.08    1.08   LOSS    -0.0      25000.0    
219    875.0   2.9000000000000012     BUY        1.08     1.08    1.08   LOSS    -0.0      25000.0    
220    875.0   2.9000000000000012     BUY        1.08     1.08    1.08    WIN     0.0      25000.0    
221    875.0   2.9000000000000012     BUY        1.08     1.08    1.08    WIN     0.0      25000.0    
222    875.0   2.9000000000000012     BUY        1.08     1.08    1.08    WIN     0.0      25000.0    
223    875.0   2.9000000000000012     BUY       1.0801   1.0801  1.0801  LOSS    -0.0      25000.0    
224    875.0   2.9000000000000012     BUY       1.0801   1.0801  1.0801   WIN     0.0      25000.0    
225    875.0   2.9000000000000012     BUY       1.0801   1.0801  1.0801   WIN     0.0      25000.0    
226    875.0   2.9000000000000012     BUY       1.0801   1.0801  1.0801   WIN     0.0      25000.0    
227    875.0   2.9000000000000012     SELL      1.0801   1.0801  1.0801  LOSS    -0.0      25000.0    
228    875.0   2.9000000000000012     BUY       1.0801   1.0801  1.0801   WIN     0.0      25000.0    
229    875.0   2.9000000000000012     SELL      1.0801   1.0801  1.0801  LOSS    -0.0      25000.0    
230    875.0   2.9000000000000012     BUY       1.0802   1.0802  1.0802  LOSS    -0.0      25000.0    
231    875.0   2.9000000000000012     BUY       1.0801   1.0801  1.0801   WIN     0.0      25000.0    
232    875.0   2.9000000000000012     BUY       1.0801   1.0801  1.0801   WIN     0.0      25000.0    
233    875.0   2.9000000000000012     BUY       1.0801   1.0801  1.0801  LOSS    -0.0      25000.0    
234    875.0   2.9000000000000012     BUY       1.0801   1.0801  1.0801  LOSS    -0.0      25000.0    
235    875.0   2.9000000000000012     BUY       1.0801   1.0801  1.0801  LOSS    -0.0      25000.0    
236    875.0   2.9000000000000012     BUY       1.0801   1.0801  1.0801  LOSS    -0.0      25000.0    
237    875.0   2.9000000000000012     BUY       1.0801   1.0801  1.0801  LOSS    -0.0      25000.0    
238    875.0   2.9000000000000012     BUY       1.0801   1.0801  1.0801  LOSS    -0.0      25000.0    
239    875.0   2.9000000000000012     BUY       1.0801   1.0801  1.0801   WIN     0.0      25000.0    
240    875.0   2.9000000000000012     SELL      1.0802   1.0802  1.0802   WIN     0.0      25000.0    
241    875.0   2.9000000000000012     SELL      1.0802   1.0802  1.0802  LOSS    -0.0      25000.0    
242    875.0   2.9000000000000012     SELL      1.0802   1.0802  1.0802  LOSS    -0.0      25000.0    
243    875.0   2.9000000000000012     SELL      1.0802   1.0802  1.0802  LOSS    -0.0      25000.0    
244    875.0   2.9000000000000012     SELL      1.0802   1.0802  1.0802  LOSS    -0.0      25000.0    
245    875.0   2.9000000000000012     SELL      1.0802   1.0802  1.0802  LOSS    -0.0      25000.0    
246    875.0   2.9000000000000012     SELL      1.0802   1.0802  1.0802  LOSS    -0.0      25000.0    
247    875.0   2.9000000000000012     SELL      1.0802   1.0802  1.0802  LOSS    -0.0      25000.0    
248    875.0   2.9000000000000012     SELL      1.0802   1.0802  1.0802  LOSS    -0.0      25000.0    
