Name: EURUSD_M5_candles.csv
Initial Account: 25000
Total Trades: 113
Win Rate: 51.33%
$ (%) Gain: 5714.21(22.86%)
Max Drawdown: 0.0%
 #   Lot Size   RR  Direction  Entry ($)  SL ($)  TP ($)   W/L   Gain ($)  Account ($)  
 1      109    1.4     SELL      1.0892   1.0894  1.0889   WIN   304.348     25304.35   
 2      187    1.4     SELL      1.0889    1.089  1.0888   WIN   261.6699    25566.02   
 3      194    1.4     SELL      1.0888   1.0889  1.0887   WIN   271.1548    25837.17   
 4      220    1.4     SELL      1.0887   1.0888  1.0886   WIN   308.2845    26145.46   
 5      214    1.4     SELL      1.0886   1.0887  1.0885   WIN   300.0298    26445.49   
 6      222    1.4     SELL      1.0885   1.0886  1.0884   WIN   310.2543    26755.74   
 7      211    1.4     SELL      1.0884   1.0885  1.0883  LOSS  -211.2295    26544.51   
 8      197    1.4     SELL      1.0885   1.0886  1.0884   WIN   275.9578    26820.47   
 9      166    1.4     SELL      1.0882   1.0884  1.0879  LOSS   -331.117    26489.35   
 10     145    1.4     SELL      1.0882   1.0884  1.0879   WIN   406.0412    26895.39   
 11     134    1.4     SELL      1.0879   1.0881  1.0876  LOSS  -268.0604    26627.33   
 12     113    1.4     SELL      1.0881   1.0883  1.0878  LOSS  -225.0198    26402.31   
 13     93     1.4     SELL      1.0884   1.0887   1.088   WIN   391.3753    26793.69   
 14     83     1.4     SELL      1.0881   1.0884  1.0877   WIN   348.7609    27142.45   
 15     85     1.4     SELL      1.0876   1.0879  1.0872  LOSS  -254.4606    26887.99   
 16     85     1.4     SELL      1.0876   1.0879  1.0872   WIN   356.6195    27244.61   
 17     105    1.4     SELL      1.0872   1.0875  1.0868  LOSS   -314.361    26930.25   
 18     105    1.4     SELL      1.0874   1.0877   1.087  LOSS  -316.4127    26613.84   
 19     102    1.4     SELL      1.0877    1.088  1.0873  LOSS  -306.2973    26307.54   
 20     106    1.4     SELL      1.088    1.0882  1.0877   WIN   297.0206    26604.56   
 21     121    1.4     SELL      1.0877   1.0879  1.0874  LOSS   -241.129    26363.43   
 22     118    1.4     SELL      1.088    1.0882  1.0877   WIN   329.5429    26692.97   
 23     129    1.4     SELL      1.0877   1.0879  1.0874   WIN   360.4838    27053.46   
 24     135    1.4     SELL      1.0874   1.0876  1.0871   WIN   377.4901    27430.95   
 25     127    1.4     SELL      1.087    1.0872  1.0867   WIN   354.4923    27785.44   
 26     136    1.4     SELL      1.0867   1.0869  1.0864   WIN   381.3687    28166.81   
 27     114    1.4     SELL      1.0868    1.087  1.0865   WIN   318.8696    28485.68   
 28     115    1.4     SELL      1.0865   1.0867  1.0862  LOSS  -229.1074    28256.57   
 29     66     1.4     SELL      1.0884   1.0888  1.0878  LOSS  -265.7356    27990.83   
 30     53     1.4     SELL      1.089    1.0895  1.0883   WIN   372.974     28363.81   
 31     45     1.4     SELL      1.0888   1.0894   1.088   WIN   379.7917    28743.6    
 32     41     1.4     SELL      1.088    1.0887   1.087  LOSS  -287.7098    28455.89   
 33     34     1.4     SELL      1.088    1.0888  1.0869  LOSS  -275.8248    28180.06   
 34     37     1.4     SELL      1.0888   1.0896  1.0877   WIN   415.2848    28595.35   
 35     47     1.4     SELL      1.0877   1.0883  1.0869  LOSS  -280.3464    28315.0    
 36     65     1.4     SELL      1.0883   1.0887  1.0877  LOSS   -259.374    28055.63   
 37     123    1.4     SELL      1.0888    1.089  1.0885   WIN   344.5428    28400.17   
 38     125    1.4     SELL      1.0885   1.0887  1.0882   WIN   348.7742    28748.95   
 39     144    1.4     SELL      1.0881   1.0883  1.0878  LOSS  -287.4894    28461.46   
 40     137    1.4     SELL      1.0883   1.0885   1.088  LOSS  -274.5478    28186.91   
 41     129    1.4     SELL      1.0885   1.0887  1.0882  LOSS   -257.807    27929.1    
 42     132    1.4     SELL      1.089    1.0892  1.0887  LOSS  -264.3132    27664.79   
 43     137    1.4     SELL      1.0893   1.0895   1.089   WIN   384.7421    28049.53   
 44     136    1.4     SELL      1.089    1.0892  1.0887   WIN   380.0258    28429.56   
 45     140    1.4     SELL      1.0887   1.0889  1.0884  LOSS  -280.5548    28149.0    
 46     142    1.4     SELL      1.089    1.0892  1.0887  LOSS  -284.3334    27864.67   
 47     154    1.4     SELL      1.0892   1.0894  1.0889  LOSS   -307.331    27557.34   
 48     160    1.4     SELL      1.0893   1.0895   1.089   WIN   446.8758    28004.21   
 49     172    1.4     SELL      1.089    1.0892  1.0887  LOSS   -344.314    27659.9    
 50     181    1.4     SELL      1.0891   1.0893  1.0888  LOSS  -362.3568    27297.54   
 51     192    1.4     SELL      1.0893   1.0894  1.0892   WIN   269.1307    27566.67   
 52     189    1.4     SELL      1.089    1.0891  1.0889  LOSS  -188.8128    27377.86   
 53     246    1.4     SELL      1.0892   1.0893  1.0891   WIN   344.2725    27722.13   
 54     301    1.4     SELL      1.0891   1.0892   1.089   WIN   421.8585    28143.99   
 55     267    1.4     SELL      1.089    1.0891  1.0889  LOSS  -267.1898    27876.8    
 56     245    1.4     SELL      1.0892   1.0893  1.0891   WIN   342.3466    28219.15   
 57     309    1.4     SELL      1.0891   1.0892   1.089   WIN   432.5563    28651.7    
 58     274    1.4     SELL      1.0889    1.089  1.0888  LOSS  -273.7424    28377.96   
 59     226    1.4     SELL      1.0891   1.0892   1.089   WIN   316.9879    28694.95   
 60     233    1.4     SELL      1.0887   1.0888  1.0886  LOSS  -232.6618    28462.29   
 61     193    1.4     SELL      1.0889    1.089  1.0888  LOSS   -193.183    28269.11   
 62     164    1.4     SELL      1.0892   1.0894  1.0889   WIN   460.1948    28729.3    
 63     154    1.4     SELL      1.0889   1.0891  1.0886  LOSS   -307.814    28421.49   
 64     146    1.4     SELL      1.0893   1.0895   1.089  LOSS   -291.005    28130.48   
 65     142    1.4     SELL      1.0895   1.0897  1.0892  LOSS  -283.1928    27847.29   
 66     211    1.4     SELL      1.0898   1.0899  1.0897   WIN    295.35     28142.64   
 67     251    1.4     SELL      1.0897   1.0898  1.0896  LOSS  -251.2736    27891.36   
 68     265    1.4     SELL      1.0896   1.0897  1.0895  LOSS  -264.7914    27626.57   
 69     267    1.4     SELL      1.0897   1.0898  1.0896   WIN   374.2955    28000.87   
 70     259    1.4     SELL      1.0896   1.0897  1.0895   WIN   362.9742    28363.84   
 71     266    1.4     SELL      1.0895   1.0896  1.0894  LOSS   -265.911    28097.93   
 72     275    1.4     SELL      1.0896   1.0897  1.0895   WIN   385.6579    28483.59   
 73     247    1.4     SELL      1.0894   1.0895  1.0893  LOSS  -246.9675    28236.62   
 74     249    1.4     SELL      1.0895   1.0896  1.0894   WIN   348.8054    28585.43   
 75     252    1.4     SELL      1.0893   1.0894  1.0892   WIN   353.1142    28938.54   
 76     230    1.4     SELL      1.0891   1.0892   1.089   WIN   321.5394    29260.08   
 77     219    1.4     SELL      1.089    1.0891  1.0889   WIN   307.2308    29567.31   
 78     200    1.4     SELL      1.0888   1.0889  1.0887  LOSS  -199.7791    29367.53   
 79     192    1.4     SELL      1.0889   1.0891  1.0886  LOSS  -383.0548    28984.48   
 80     166    1.4     SELL      1.0891   1.0893  1.0888  LOSS  -331.8834    28652.59   
 81     122    1.4     SELL      1.0895   1.0897  1.0892   WIN   341.8775    28994.47   
 82     114    1.4     SELL      1.0894   1.0897   1.089  LOSS  -340.6662    28653.81   
 83     105    1.4     SELL      1.0898   1.0901  1.0894   WIN   441.3667    29095.17   
 84     103    1.4     SELL      1.0895   1.0898  1.0891   WIN   432.3102    29527.48   
 85     97     1.4     SELL      1.0892   1.0895  1.0888  LOSS  -291.3897    29236.09   
 86     95     1.4     SELL      1.0895   1.0898  1.0891   WIN   399.5389    29635.63   
 87     89     1.4     SELL      1.0891   1.0894  1.0887   WIN   375.6631    30011.3    
 88     96     1.4     SELL      1.0887    1.089  1.0883  LOSS   -288.57     29722.73   
 89     93     1.4     SELL      1.0889   1.0892  1.0885   WIN   392.5643    30115.29   
 90     100    1.4     SELL      1.0885   1.0888  1.0881  LOSS  -299.1585    29816.13   
 91     98     1.4     SELL      1.0889   1.0892  1.0885  LOSS  -294.2382    29521.89   
 92     93     1.4     SELL      1.0893   1.0896  1.0889  LOSS  -277.9257    29243.97   
 93     112    1.4     SELL      1.0896   1.0899  1.0892   WIN   468.7964    29712.76   
 94     109    1.4     SELL      1.0892   1.0895  1.0888   WIN   456.5618    30169.33   
 95     137    1.4     SELL      1.089    1.0892  1.0887  LOSS  -274.2666    29895.06   
 96     148    1.4     SELL      1.089    1.0892  1.0887  LOSS   -295.017    29600.04   
 97     142    1.4     SELL      1.0892   1.0894  1.0889  LOSS  -284.6158    29315.43   
 98     137    1.4     SELL      1.0896   1.0898  1.0893  LOSS   -273.976    29041.45   
 99     133    1.4     SELL       1.09    1.0902  1.0897   WIN   371.8722    29413.32   
100     118    1.4     SELL      1.0898    1.09   1.0895   WIN   331.1955    29744.52   
101     116    1.4     SELL      1.0894   1.0897   1.089  LOSS  -348.5685    29395.95   
102     113    1.4     SELL      1.0898   1.0901  1.0894  LOSS  -339.1839    29056.77   
103     38     1.4     SELL      1.0841   1.0849   1.083   WIN   421.549     29478.31   
104     33     1.4     SELL      1.0832   1.0841  1.0819   WIN   416.3972    29894.71   
105     44     1.4     SELL      1.082    1.0827   1.081   WIN   429.9926    30324.7    
106     61     1.4     SELL      1.081    1.0815  1.0803   WIN   425.1128    30749.82   
107     105    1.4     SELL      1.0802   1.0805  1.0798  LOSS  -315.9228    30433.89   
108     161    1.4     SELL      1.0804   1.0806  1.0801   WIN   450.0787    30883.97   
109     181    1.4     SELL      1.0801   1.0803  1.0798  LOSS  -361.9216    30522.05   
110     173    1.4     SELL      1.0804   1.0806  1.0801  LOSS  -346.8414    30175.21   
111     151    1.4     SELL      1.0807   1.0809  1.0804   WIN   422.4528    30597.66   
112     145    1.4     SELL      1.0803   1.0805   1.08    WIN   405.3949    31003.06   
113     144    1.4     SELL       1.08    1.0802  1.0797  LOSS  -288.8484    30714.21   
