Name: EURUSD_H12_candles.csv
Initial Account: 25000
Total Trades: 25
Win Rate: 36.0%
$ (%) Gain: 8065.28(32.26%)
Max Drawdown: -4.92%
 #  Lot Size          RR         Direction  Entry ($)  SL ($)  TP ($)   W/L   Gain ($)  Account ($)  
 1   10.4603  4.999999999999998     SELL      1.0987   1.1011  1.0867  LOSS  -251.0472    24748.95   
 2   3.7461   4.999999999999998     SELL      1.0958   1.1024  1.0628  LOSS  -247.2426    24501.71   
 3   4.5585   4.999999999999998     SELL      1.1003   1.1057  1.0733  LOSS   -246.159    24255.55   
 4   4.5127   4.999999999999998     SELL      1.1133   1.1187  1.0863  LOSS  -243.6858    24011.87   
 5   4.4673   4.999999999999998     SELL      1.1215   1.1269  1.0945  LOSS  -241.2342    23770.63   
 6   4.4224   4.999999999999998     SELL      1.1238   1.1292  1.0968   WIN   1194.048    24964.68   
 7   4.6446   4.999999999999998     SELL      1.0977   1.1031  1.0707  LOSS  -250.8084    24713.87   
 8   4.5979   4.999999999999998     SELL      1.102    1.1074   1.075   WIN   1241.433    25955.3    
 9   4.8289   4.999999999999998     BUY       1.0748   1.0694  1.1018  LOSS  -260.7606    25694.54   
10   4.7804   4.999999999999998     BUY        1.07    1.0646   1.097  LOSS  -258.1416    25436.4    
11   4.7324   4.999999999999998     BUY       1.0639   1.0585  1.0909  LOSS  -255.5496    25180.85   
12   4.6848   4.999999999999998     BUY       1.0593   1.0539  1.0863  LOSS  -252.9792    24927.87   
13   4.6377   4.999999999999998     BUY       1.0507   1.0453  1.0777  LOSS  -250.4358    24677.44   
14   4.5912   4.999999999999998     BUY       1.0468   1.0414  1.0738   WIN   1239.624    25917.06   
15   4.8218   4.999999999999998     BUY       1.0725   1.0671  1.0995  LOSS  -260.3772    25656.68   
16   4.7733   4.999999999999998     BUY       1.0701   1.0647  1.0971   WIN   1288.791    26945.47   
17   5.0131   4.999999999999998     SELL      1.0994   1.1048  1.0724   WIN   1353.537    28299.01   
18   5.2649   4.999999999999998     BUY       1.0759   1.0705  1.1029   WIN   1421.523    29720.53   
19   5.5294   4.999999999999998     SELL      1.1009   1.1063  1.0739  LOSS  -298.5876    29421.95   
20   5.4739   4.999999999999998     SELL      1.1105   1.1159  1.0835   WIN   1477.953    30899.9    
21   5.7488   4.999999999999998     SELL      1.0848   1.0902  1.0578  LOSS  -310.4352    30589.47   
22   5.6911   4.999999999999998     SELL      1.0885   1.0939  1.0615  LOSS  -307.3194    30282.15   
23   5.6339   4.999999999999998     SELL      1.0946     1.1   1.0676   WIN   1521.153    31803.3    
24   5.9169   4.999999999999998     BUY       1.0671   1.0617  1.0941  LOSS  -319.5126    31483.79   
25   5.8574   4.999999999999998     BUY       1.0616   1.0562  1.0886   WIN   1581.498    33065.28   
