Name: EURUSD_H1_candles.csv
Initial Account: 25000
Total Trades: 67
Win Rate: 20.9%
$ (%) Gain: 4264.28(17.06%)
Max Drawdown: -4.39%
 #  Lot Size          RR         Direction  Entry ($)  SL ($)  TP ($)   W/L   Gain ($)  Account ($)  
 1   58.1395  4.999999999999998     BUY       1.0785   1.0781  1.0805  LOSS   -232.558    24767.44   
 2   44.7604  4.999999999999998     BUY       1.0779   1.0773  1.0809  LOSS  -268.5624    24498.88   
 3   44.098   4.999999999999998     BUY       1.0777   1.0771  1.0807  LOSS   -264.588    24234.29   
 4   31.9433  4.999999999999998     BUY       1.077    1.0762   1.081  LOSS  -255.5464    23978.75   
 5   35.981   4.999999999999998     BUY       1.0764   1.0757  1.0799   WIN   1259.335    25238.08   
 6   37.8706  4.999999999999998     BUY       1.0798   1.0791  1.0833  LOSS  -265.0942    24972.99   
 7   37.4729  4.999999999999998     BUY       1.0795   1.0788   1.083  LOSS  -262.3103    24710.68   
 8   37.0793  4.999999999999998     BUY       1.0792   1.0785  1.0827  LOSS  -259.5551    24451.12   
 9   36.6898  4.999999999999998     BUY       1.0788   1.0781  1.0823  LOSS  -256.8286    24194.29   
10   36.3044  4.999999999999998     BUY       1.0784   1.0777  1.0819  LOSS  -254.1308    23940.16   
11   35.9231  4.999999999999998     BUY       1.0803   1.0796  1.0838   WIN  1257.3085    25197.47   
12   37.8097  4.999999999999998     BUY       1.0861   1.0854  1.0896  LOSS  -264.6679    24932.8    
13   37.4126  4.999999999999998     SELL      1.0858   1.0865  1.0823  LOSS  -261.8882    24670.91   
14   37.0196  4.999999999999998     SELL      1.0872   1.0879  1.0837  LOSS  -259.1372    24411.78   
15   36.6307  4.999999999999998     SELL      1.0878   1.0885  1.0843  LOSS  -256.4149    24155.36   
16   36.246   4.999999999999998     SELL      1.0886   1.0893  1.0851  LOSS   -253.722    23901.64   
17   35.8653  4.999999999999998     SELL      1.0894   1.0901  1.0859   WIN  1255.2855    25156.92   
18   37.7489  4.999999999999998     SELL      1.0856   1.0863  1.0821  LOSS  -264.2423    24892.68   
19   37.3524  4.999999999999998     SELL      1.0875   1.0882   1.084   WIN   1307.334    26200.02   
20   39.3141  4.999999999999998     BUY       1.0838   1.0831  1.0873   WIN  1375.9935    27576.01   
21   41.3788  4.999999999999998     SELL      1.0877   1.0884  1.0842  LOSS  -289.6516    27286.36   
22   40.9442  4.999999999999998     SELL      1.0878   1.0885  1.0843   WIN   1433.047    28719.41   
23   43.0945  4.999999999999998     SELL      1.085    1.0857  1.0815  LOSS  -301.6615    28417.74   
24   42.6418  4.999999999999998     SELL      1.0854   1.0861  1.0819  LOSS  -298.4926    28119.25   
25   42.1939  4.999999999999998     SELL      1.0861   1.0868  1.0826   WIN  1476.7865    29596.04   
26   44.4099  4.999999999999998     BUY       1.0828   1.0821  1.0863  LOSS  -310.8693    29285.17   
27   43.9434  4.999999999999998     BUY       1.0821   1.0814  1.0856  LOSS  -307.6038    28977.56   
28   43.4819  4.999999999999998     BUY       1.0829   1.0822  1.0864  LOSS  -304.3733    28673.19   
29   43.0252  4.999999999999998     BUY       1.0826   1.0819  1.0861  LOSS  -301.1764    28372.02   
30   42.5732  4.999999999999998     BUY       1.0812   1.0805  1.0847  LOSS  -298.0124    28074.0    
31   42.126   4.999999999999998     BUY       1.081    1.0803  1.0845   WIN   1474.41     29548.41   
32   44.3385  4.999999999999998     BUY       1.0851   1.0844  1.0886  LOSS  -310.3695    29238.04   
33   43.8727  4.999999999999998     SELL      1.0846   1.0853  1.0811  LOSS  -307.1089    28930.93   
34   43.4119  4.999999999999998     SELL      1.0847   1.0854  1.0812  LOSS  -303.8833    28627.05   
35   42.9559  4.999999999999998     SELL      1.0867   1.0874  1.0832  LOSS  -300.6913    28326.36   
36   42.5047  4.999999999999998     SELL      1.0876   1.0883  1.0841  LOSS  -297.5329    28028.83   
37   42.0583  4.999999999999998     SELL      1.0884   1.0891  1.0849   WIN  1472.0405    29500.87   
38   44.2671  4.999999999999998     SELL      1.0851   1.0858  1.0816  LOSS  -309.8697    29191.0    
39   43.8021  4.999999999999998     BUY       1.0851   1.0844  1.0886  LOSS  -306.6147    28884.38   
40   43.3421  4.999999999999998     BUY       1.0852   1.0845  1.0887  LOSS  -303.3947    28580.99   
41   42.8868  4.999999999999998     BUY       1.085    1.0843  1.0885  LOSS  -300.2076    28280.78   
42   42.4363  4.999999999999998     BUY       1.0839   1.0832  1.0874  LOSS  -297.0541    27983.73   
43   41.9906  4.999999999999998     BUY       1.0811   1.0804  1.0846  LOSS  -293.9342    27689.79   
44   41.5495  4.999999999999998     BUY       1.0802   1.0795  1.0837  LOSS  -290.8465    27398.95   
45   41.1131  4.999999999999998     BUY       1.0798   1.0791  1.0833  LOSS  -287.7917    27111.15   
46   40.6813  4.999999999999998     BUY       1.079    1.0783  1.0825   WIN  1423.8455    28535.0    
47   42.8178  4.999999999999998     BUY       1.0829   1.0822  1.0864  LOSS  -299.7246    28235.28   
48   42.368   4.999999999999998     BUY       1.082    1.0813  1.0855  LOSS   -296.576    27938.7    
49   41.923   4.999999999999998     BUY       1.0819   1.0812  1.0854   WIN   1467.305    29406.0    
50   44.1248  4.999999999999998     SELL      1.0853    1.086  1.0818  LOSS  -308.8736    29097.13   
51   43.6613  4.999999999999998     SELL      1.0869   1.0876  1.0834   WIN  1528.1455    30625.28   
52   45.9543  4.999999999999998     BUY       1.084    1.0833  1.0875  LOSS  -321.6801    30303.6    
53   45.4716  4.999999999999998     BUY       1.0837    1.083  1.0872   WIN   1591.506    31895.1    
54   47.8597  4.999999999999998     SELL      1.087    1.0877  1.0835  LOSS  -335.0179    31560.08   
55   47.357   4.999999999999998     SELL      1.0885   1.0892   1.085  LOSS   -331.499    31228.58   
56   46.8596  4.999999999999998     SELL      1.0897   1.0904  1.0862  LOSS  -328.0172    30900.57   
57   46.3674  4.999999999999998     SELL      1.0903    1.091  1.0868  LOSS  -324.5718    30576.0    
58   45.8804  4.999999999999998     SELL      1.0913    1.092  1.0878   WIN   1605.814    32181.81   
59    48.29   4.999999999999998     SELL      1.0881   1.0888  1.0846  LOSS   -338.03     31843.78   
60   47.7827  4.999999999999998     SELL      1.0885   1.0892   1.085  LOSS  -334.4789    31509.3    
61   47.2808  4.999999999999998     SELL      1.0894   1.0901  1.0859  LOSS  -330.9656    31178.34   
62   46.7842  4.999999999999998     SELL      1.0881   1.0888  1.0846  LOSS  -327.4894    30850.85   
63   46.2928  4.999999999999998     SELL      1.0878   1.0885  1.0843  LOSS  -324.0496    30526.8    
64   45.8066  4.999999999999998     SELL      1.0882   1.0889  1.0847  LOSS  -320.6462    30206.15   
65   45.3254  4.999999999999998     SELL      1.0893    1.09   1.0858  LOSS  -317.2778    29888.87   
66   44.8493  4.999999999999998     BUY       1.0898   1.0891  1.0933  LOSS  -313.9451    29574.93   
67   44.3782  4.999999999999998     BUY       1.082    1.0813  1.0855  LOSS  -310.6474    29264.28   
