Name: EURUSD_2023-2024.csv
Initial Account: 25000
Total Trades: 33
Win Rate: 36.36%
$ (%) Gain: -2194.97(-8.78%)
Max Drawdown: -8.78%
 #  Lot Size          RR          Direction  Entry ($)  SL ($)  TP ($)   W/L   Gain ($)  Account ($)  
 1    10.0    2.9000000000000012     BUY       1.0755    1.073  1.0827  LOSS    -250.0     24750.0    
 2    4.95    2.9000000000000012     BUY       1.0712   1.0662  1.0857  LOSS    -247.5     24502.5    
 3   4.2142   2.9000000000000012     BUY       1.0726   1.0668  1.0894  LOSS  -244.4236    24258.08   
 4   4.1824   2.9000000000000012     BUY       1.0655   1.0597  1.0823   WIN   242.5792    24500.66   
 5   4.1678   2.9000000000000012     SELL      1.086    1.0919  1.0689  LOSS  -245.9002    24254.76   
 6    4.126   2.9000000000000012     SELL      1.0867   1.0926  1.0696  LOSS   -243.434    24011.32   
 7   4.0846   2.9000000000000012     SELL      1.0929   1.0988  1.0758   WIN   240.9914    24252.31   
 8   4.1255   2.9000000000000012     BUY       1.0728   1.0669  1.0899   WIN   243.4045    24495.72   
 9    4.167   2.9000000000000012     SELL      1.0814   1.0873  1.0643  LOSS   -245.853    24249.86   
10   4.1251   2.9000000000000012     BUY       1.0866   1.0807  1.1037   WIN   243.3809    24493.25   
11   4.1665   2.9000000000000012     SELL      1.1058   1.1117  1.0887  LOSS  -245.8235    24247.42   
12   4.1247   2.9000000000000012     SELL      1.1044   1.1103  1.0873  LOSS  -243.3573    24004.06   
13   4.0833   2.9000000000000012     SELL      1.1012   1.1071  1.0841   WIN   240.9147    24244.98   
14   4.1243   2.9000000000000012     BUY       1.0765   1.0706  1.0936   WIN   243.3337    24488.31   
15   4.1657   2.9000000000000012     SELL      1.0993   1.1052  1.0822   WIN   245.7763    24734.09   
16   4.2075   2.9000000000000012     BUY       1.0718   1.0659  1.0889  LOSS  -248.2425    24485.85   
17   4.1653   2.9000000000000012     BUY       1.0711   1.0652  1.0882  LOSS  -245.7527    24240.09   
18   4.1235   2.9000000000000012     BUY       1.0571   1.0512  1.0742  LOSS  -243.2865    23996.81   
19   4.0821   2.9000000000000012     BUY       1.0528   1.0469  1.0699  LOSS  -240.8439    23755.96   
20   4.0411   2.9000000000000012     BUY       1.048    1.0421  1.0651   WIN   238.4249    23994.39   
21   4.0817   2.9000000000000012     BUY       1.0661   1.0602  1.0832   WIN   240.8203    24235.21   
22   4.1226   2.9000000000000012     SELL      1.088    1.0939  1.0709  LOSS  -243.2334    23991.98   
23   4.0813   2.9000000000000012     SELL      1.0962   1.1021  1.0791  LOSS  -240.7967    23751.18   
24   4.0403   2.9000000000000012     SELL      1.0954   1.1013  1.0783  LOSS  -238.3777    23512.8    
25   3.9997   2.9000000000000012     SELL      1.1028   1.1087  1.0857  LOSS  -235.9823    23276.82   
26   3.9596   2.9000000000000012     SELL      1.1057   1.1116  1.0886  LOSS  -233.6164    23043.2    
27   3.9199   2.9000000000000012     SELL      1.1134   1.1193  1.0963  LOSS  -231.2741    22811.93   
28   3.8805   2.9000000000000012     SELL      1.1231    1.129   1.106   WIN   228.9495    23040.88   
29   3.9195   2.9000000000000012     SELL      1.1004   1.1063  1.0833   WIN   231.2505    23272.13   
30   3.9588   2.9000000000000012     BUY       1.0794   1.0735  1.0965  LOSS  -233.5692    23038.56   
31   3.9191   2.9000000000000012     BUY       1.0783   1.0724  1.0954  LOSS  -231.2269    22807.33   
32   3.8797   2.9000000000000012     BUY       1.0694   1.0635  1.0865   WIN   228.9023    23036.23   
33   3.9187   2.9000000000000012     SELL      1.0876   1.0935  1.0705  LOSS  -231.2033    22805.03   
