Name: EURUSD_H3_candles.csv
Initial Account: 25000
Total Trades: 43
Win Rate: 23.26%
$ (%) Gain: 4281.21(17.12%)
Max Drawdown: -1.01%
 #  Lot Size          RR         Direction  Entry ($)  SL ($)  TP ($)   W/L   Gain ($)  Account ($)  
 1   9.6899   4.999999999999998     SELL      1.0928   1.0954  1.0798  LOSS  -251.9374    24748.06   
 2   12.2972  4.999999999999998     SELL      1.0957   1.0977  1.0857   WIN   1229.72     25977.78   
 3   16.5765  4.999999999999998     SELL      1.0848   1.0864  1.0768  LOSS   -265.224    25712.56   
 4   16.4073  4.999999999999998     SELL      1.0862   1.0878  1.0782  LOSS  -262.5168    25450.04   
 5   16.2398  4.999999999999998     SELL      1.092    1.0936   1.084  LOSS  -259.8368    25190.2    
 6   16.074   4.999999999999998     SELL      1.0936   1.0952  1.0856   WIN   1285.92     26476.12   
 7   16.8945  4.999999999999998     SELL      1.0858   1.0874  1.0778   WIN   1351.56     27827.68   
 8   17.757   4.999999999999998     SELL      1.0784    1.08   1.0704  LOSS   -284.112    27543.57   
 9   17.5757  4.999999999999998     SELL      1.0796   1.0812  1.0716  LOSS  -281.2112    27262.36   
10   17.3962  4.999999999999998     SELL      1.0823   1.0839  1.0743  LOSS  -278.3392    26984.02   
11   17.2186  4.999999999999998     SELL      1.0838   1.0854  1.0758  LOSS  -275.4976    26708.52   
12   17.0428  4.999999999999998     SELL      1.0862   1.0878  1.0782  LOSS  -272.6848    26435.84   
13   16.8688  4.999999999999998     SELL      1.0858   1.0874  1.0778   WIN   1349.504    27785.34   
14   17.7299  4.999999999999998     BUY       1.0753   1.0737  1.0833  LOSS  -283.6784    27501.67   
15   17.5489  4.999999999999998     BUY       1.0745   1.0729  1.0825  LOSS  -280.7824    27220.88   
16   17.3698  4.999999999999998     BUY       1.074    1.0724   1.082  LOSS  -277.9168    26942.97   
17   17.1924  4.999999999999998     BUY       1.0705   1.0689  1.0785  LOSS  -275.0784    26667.89   
18   17.0169  4.999999999999998     BUY       1.0671   1.0655  1.0751  LOSS  -272.2704    26395.62   
19   16.8431  4.999999999999998     BUY       1.0629   1.0613  1.0709  LOSS  -269.4896    26126.13   
20   16.6712  4.999999999999998     BUY       1.061    1.0594   1.069   WIN   1333.696    27459.82   
21   17.5222  4.999999999999998     BUY       1.0678   1.0662  1.0758  LOSS  -280.3552    27179.47   
22   17.3433  4.999999999999998     BUY       1.0654   1.0638  1.0734  LOSS  -277.4928    26901.98   
23   17.1663  4.999999999999998     BUY       1.0618   1.0602  1.0698   WIN   1373.304    28275.28   
24   18.0426  4.999999999999998     BUY       1.0698   1.0682  1.0778  LOSS  -288.6816    27986.6    
25   17.8584  4.999999999999998     BUY       1.0684   1.0668  1.0764  LOSS  -285.7344    27700.86   
26   17.676   4.999999999999998     BUY       1.0666    1.065  1.0746  LOSS   -282.816    27418.05   
27   17.4956  4.999999999999998     BUY       1.067    1.0654   1.075   WIN   1399.648    28817.7    
28   18.3887  4.999999999999998     BUY       1.0766    1.075  1.0846  LOSS  -294.2192    28523.48   
29   18.2009  4.999999999999998     BUY       1.0754   1.0738  1.0834  LOSS  -291.2144    28232.26   
30   18.0151  4.999999999999998     BUY       1.0744   1.0728  1.0824  LOSS  -288.2416    27944.02   
31   17.8312  4.999999999999998     BUY       1.0728   1.0712  1.0808   WIN   1426.496    29370.52   
32   18.7414  4.999999999999998     SELL      1.0824    1.084  1.0744  LOSS  -299.8624    29070.65   
33   18.5501  4.999999999999998     SELL      1.0858   1.0874  1.0778  LOSS  -296.8016    28773.85   
34   18.3607  4.999999999999998     SELL      1.0886   1.0902  1.0806   WIN   1468.856    30242.71   
35   19.298   4.999999999999998     SELL      1.0815   1.0831  1.0735  LOSS   -308.768    29933.94   
36   19.101   4.999999999999998     SELL      1.0841   1.0857  1.0761  LOSS   -305.616    29628.33   
37   18.906   4.999999999999998     SELL      1.0852   1.0868  1.0772  LOSS   -302.496    29325.83   
38   18.7129  4.999999999999998     SELL      1.0876   1.0892  1.0796   WIN   1497.032    30822.86   
39   19.6682  4.999999999999998     SELL      1.0798   1.0814  1.0718  LOSS  -314.6912    30508.17   
40   19.4674  4.999999999999998     SELL      1.0815   1.0831  1.0735  LOSS  -311.4784    30196.69   
41   19.2686  4.999999999999998     SELL      1.0841   1.0857  1.0761  LOSS  -308.2976    29888.39   
42   19.0719  4.999999999999998     SELL      1.0856   1.0872  1.0776  LOSS  -305.1504    29583.24   
43   18.8772  4.999999999999998     SELL      1.087    1.0886   1.079  LOSS  -302.0352    29281.21   
