Name: EURUSD_M2_candles.csv
Initial Account: 25000
Total Trades: 82
Win Rate: 26.83%
$ (%) Gain: 25340.68(101.36%)
Max Drawdown: 0.0%
 #  Lot Size          RR         Direction  Entry ($)  SL ($)  TP ($)   W/L   Gain ($)  Account ($)  
 1  416.6667  4.999999999999998     SELL      1.0896   1.0897  1.0891   WIN  2083.3335    27083.33   
 2  412.1377  4.999999999999998     SELL      1.0892   1.0893  1.0887  LOSS  -412.1377    26671.2    
 3   405.866  4.999999999999998     SELL      1.0894   1.0895  1.0889  LOSS   -405.866    26265.33   
 4  399.6898  4.999999999999998     SELL      1.0896   1.0897  1.0891  LOSS  -399.6898    25865.64   
 5  393.6076  4.999999999999998     SELL      1.0898   1.0899  1.0893   WIN   1968.038    27833.68   
 6   423.556  4.999999999999998     SELL      1.0894   1.0895  1.0889  LOSS   -423.556    27410.12   
 7  417.1106  4.999999999999998     SELL      1.0895   1.0896   1.089   WIN   2085.553    29495.68   
 8  448.8472  4.999999999999998     SELL      1.089    1.0891  1.0885  LOSS  -448.8472    29046.83   
 9  442.0169  4.999999999999998     SELL      1.089    1.0891  1.0885  LOSS  -442.0169    28604.81   
10  435.2906  4.999999999999998     SELL      1.0892   1.0893  1.0887   WIN   2176.453    30781.26   
11  468.4105  4.999999999999998     SELL      1.0886   1.0887  1.0881  LOSS  -468.4105    30312.85   
12  461.2826  4.999999999999998     SELL      1.0889    1.089  1.0884  LOSS  -461.2826    29851.57   
13   454.263  4.999999999999998     SELL      1.089    1.0891  1.0885   WIN   2271.315    32122.89   
14  488.8265  4.999999999999998     SELL      1.0884   1.0885  1.0879  LOSS  -488.8265    31634.06   
15  481.3879  4.999999999999998     SELL      1.0885   1.0886   1.088  LOSS  -481.3879    31152.67   
16  474.0624  4.999999999999998     SELL      1.0886   1.0887  1.0881  LOSS  -474.0624    30678.61   
17  466.8484  4.999999999999998     SELL      1.0888   1.0889  1.0883  LOSS  -466.8484    30211.76   
18  459.7442  4.999999999999998     SELL      1.089    1.0891  1.0885  LOSS  -459.7442    29752.02   
19  452.7481  4.999999999999998     SELL      1.0893   1.0894  1.0888  LOSS  -452.7481    29299.27   
20  445.8584  4.999999999999998     SELL      1.0893   1.0894  1.0888  LOSS  -445.8584    28853.41   
21  439.0736  4.999999999999998     SELL      1.0894   1.0895  1.0889  LOSS  -439.0736    28414.34   
22  432.3921  4.999999999999998     SELL      1.0895   1.0896   1.089  LOSS  -432.3921    27981.94   
23  425.8122  4.999999999999998     SELL      1.0895   1.0896   1.089   WIN   2129.061    30111.01   
24  458.2109  4.999999999999998     SELL      1.0889    1.089  1.0884  LOSS  -458.2109    29652.79   
25  451.2382  4.999999999999998     SELL      1.089    1.0891  1.0885  LOSS  -451.2382    29201.56   
26  444.3715  4.999999999999998     SELL      1.0892   1.0893  1.0887  LOSS  -444.3715    28757.18   
27  437.6093  4.999999999999998     SELL      1.0893   1.0894  1.0888  LOSS  -437.6093    28319.58   
28  430.9501  4.999999999999998     SELL      1.0896   1.0897  1.0891  LOSS  -430.9501    27888.63   
29  424.3921  4.999999999999998     SELL      1.0897   1.0898  1.0892  LOSS  -424.3921    27464.23   
30   417.934  4.999999999999998     SELL       1.09    1.0901  1.0895  LOSS   -417.934    27046.3    
31  411.5741  4.999999999999998     SELL      1.0901   1.0902  1.0896   WIN  2057.8705    29104.17   
32  442.8895  4.999999999999998     SELL      1.0895   1.0896   1.089  LOSS  -442.8895    28661.28   
33  436.1499  4.999999999999998     SELL      1.0895   1.0896   1.089  LOSS  -436.1499    28225.13   
34  429.5129  4.999999999999998     SELL      1.0897   1.0898  1.0892  LOSS  -429.5129    27795.62   
35  422.9768  4.999999999999998     SELL      1.0898   1.0899  1.0893  LOSS  -422.9768    27372.64   
36  416.5402  4.999999999999998     SELL      1.084    1.0841  1.0835  LOSS  -416.5402    26956.1    
37  410.2015  4.999999999999998     SELL      1.0835   1.0836   1.083  LOSS  -410.2015    26545.9    
38  403.9593  4.999999999999998     SELL      1.0836   1.0837  1.0831  LOSS  -403.9593    26141.94   
39  397.8121  4.999999999999998     SELL      1.0832   1.0833  1.0827   WIN  1989.0605    28131.0    
40  428.0804  4.999999999999998     SELL      1.0829    1.083  1.0824  LOSS  -428.0804    27702.92   
41  421.5662  4.999999999999998     SELL      1.0836   1.0837  1.0831  LOSS  -421.5662    27281.35   
42   415.151  4.999999999999998     SELL      1.0835   1.0836   1.083   WIN   2075.755    29357.11   
43  446.7386  4.999999999999998     SELL      1.0826   1.0827  1.0821  LOSS  -446.7386    28910.37   
44  439.9404  4.999999999999998     SELL      1.0825   1.0826   1.082  LOSS  -439.9404    28470.43   
45  433.2457  4.999999999999998     SELL      1.0831   1.0832  1.0826   WIN  2166.2285    30636.66   
46   466.21   4.999999999999998     SELL      1.0829    1.083  1.0824  LOSS   -466.21     30170.45   
47  459.1155  4.999999999999998     SELL      1.0836   1.0837  1.0831   WIN  2295.5775    32466.03   
48  494.0482  4.999999999999998     SELL      1.083    1.0831  1.0825  LOSS  -494.0482    31971.98   
49  486.5301  4.999999999999998     SELL      1.0831   1.0832  1.0826   WIN  2432.6505    34404.63   
50  523.5487  4.999999999999998     SELL      1.0826   1.0827  1.0821  LOSS  -523.5487    33881.08   
51  515.5816  4.999999999999998     SELL      1.0826   1.0827  1.0821  LOSS  -515.5816    33365.5    
52  507.7358  4.999999999999998     SELL      1.0828   1.0829  1.0823   WIN   2538.679    35904.18   
53  546.3679  4.999999999999998     SELL      1.0821   1.0822  1.0816  LOSS  -546.3679    35357.81   
54  538.0536  4.999999999999998     SELL      1.0822   1.0823  1.0817   WIN   2690.268    38048.08   
55  578.9925  4.999999999999998     SELL      1.0816   1.0817  1.0811  LOSS  -578.9925    37469.08   
56  570.1817  4.999999999999998     SELL      1.0818   1.0819  1.0813  LOSS  -570.1817    36898.9    
57   561.505  4.999999999999998     SELL      1.082    1.0821  1.0815   WIN   2807.525    39706.43   
58  604.2282  4.999999999999998     SELL      1.0816   1.0817  1.0811  LOSS  -604.2282    39102.2    
59  595.0335  4.999999999999998     SELL      1.0818   1.0819  1.0813  LOSS  -595.0335    38507.17   
60  585.9786  4.999999999999998     SELL      1.0821   1.0822  1.0816  LOSS  -585.9786    37921.19   
61  577.0615  4.999999999999998     SELL      1.0825   1.0826   1.082   WIN  2885.3075    40806.49   
62  620.9684  4.999999999999998     SELL      1.0819    1.082  1.0814   WIN   3104.842    43911.34   
63   668.216  4.999999999999998     SELL      1.0812   1.0813  1.0807  LOSS   -668.216    43243.12   
64  658.0475  4.999999999999998     SELL      1.0813   1.0814  1.0808   WIN  3290.2375    46533.36   
65  708.1163  4.999999999999998     SELL      1.081    1.0811  1.0805  LOSS  -708.1163    45825.24   
66  697.3406  4.999999999999998     SELL      1.0811   1.0812  1.0806   WIN   3486.703    49311.94   
67  750.3992  4.999999999999998     SELL      1.0807   1.0808  1.0802  LOSS  -750.3992    48561.55   
68   738.98   4.999999999999998     SELL      1.0806   1.0807  1.0801  LOSS   -738.98     47822.57   
69  727.7347  4.999999999999998     SELL      1.0807   1.0808  1.0802  LOSS  -727.7347    47094.83   
70  716.6605  4.999999999999998     SELL      1.0808   1.0809  1.0803  LOSS  -716.6605    46378.17   
71  705.7548  4.999999999999998     SELL      1.0808   1.0809  1.0803  LOSS  -705.7548    45672.42   
72   695.015  4.999999999999998     SELL      1.0808   1.0809  1.0803  LOSS   -695.015    44977.4    
73  684.4387  4.999999999999998     SELL      1.0809    1.081  1.0804  LOSS  -684.4387    44292.96   
74  674.0233  4.999999999999998     SELL      1.081    1.0811  1.0805  LOSS  -674.0233    43618.94   
75  663.7665  4.999999999999998     SELL      1.0811   1.0812  1.0806   WIN  3318.8325    46937.77   
76  714.2704  4.999999999999998     SELL      1.0806   1.0807  1.0801   WIN   3571.352    50509.12   
77  768.6171  4.999999999999998     SELL      1.0801   1.0802  1.0796  LOSS  -768.6171    49740.51   
78  756.9207  4.999999999999998     SELL      1.0802   1.0803  1.0797  LOSS  -756.9207    48983.59   
79  745.4024  4.999999999999998     SELL      1.0804   1.0805  1.0799  LOSS  -745.4024    48238.18   
80  734.0593  4.999999999999998     SELL      1.0805   1.0806   1.08   LOSS  -734.0593    47504.12   
81  722.8888  4.999999999999998     SELL      1.0807   1.0808  1.0802   WIN   3614.444    51118.57   
82  777.8912  4.999999999999998     SELL      1.0802   1.0803  1.0797  LOSS  -777.8912    50340.68   
