Name: EURUSD_H4_candles.csv
Initial Account: 25000
Total Trades: 38
Win Rate: 26.32%
$ (%) Gain: 5780.13(23.12%)
Max Drawdown: 0.0%
 #  Lot Size          RR         Direction  Entry ($)  SL ($)  TP ($)   W/L   Gain ($)  Account ($)  
 1   9.4697   4.999999999999998     BUY       1.0708   1.0682  1.0838   WIN   1231.061    26231.06   
 2   14.0166  4.999999999999998     BUY       1.0812   1.0793  1.0907  LOSS  -266.3154    25964.75   
 3   13.8743  4.999999999999998     BUY        1.08    1.0781  1.0895   WIN  1318.0585    27282.8    
 4   14.5786  4.999999999999998     SELL      1.0903   1.0922  1.0808  LOSS  -276.9934    27005.81   
 5   14.4306  4.999999999999998     SELL      1.0937   1.0956  1.0842  LOSS  -274.1814    26731.63   
 6   14.2841  4.999999999999998     SELL      1.0958   1.0977  1.0863   WIN  1356.9895    28088.62   
 7   15.0092  4.999999999999998     SELL      1.0848   1.0867  1.0753  LOSS  -285.1748    27803.44   
 8   14.8568  4.999999999999998     SELL      1.0866   1.0885  1.0771  LOSS  -282.2792    27521.16   
 9   14.706   4.999999999999998     SELL      1.092    1.0939  1.0825  LOSS   -279.414    27241.75   
10   14.5567  4.999999999999998     SELL      1.0933   1.0952  1.0838   WIN  1382.8865    28624.64   
11   15.2956  4.999999999999998     BUY       1.0833   1.0814  1.0928  LOSS  -290.6164    28334.02   
12   15.1403  4.999999999999998     BUY       1.0826   1.0807  1.0921  LOSS  -287.6657    28046.36   
13   14.9866  4.999999999999998     BUY       1.0809    1.079  1.0904  LOSS  -284.7454    27761.61   
14   14.8344  4.999999999999998     BUY       1.0792   1.0773  1.0887  LOSS  -281.8536    27479.76   
15   14.6838  4.999999999999998     BUY       1.0779    1.076  1.0874  LOSS  -278.9922    27200.76   
16   14.5348  4.999999999999998     BUY       1.0737   1.0718  1.0832   WIN   1380.806    28581.57   
17   15.2726  4.999999999999998     SELL      1.0831    1.085  1.0736  LOSS  -290.1794    28291.39   
18   15.1175  4.999999999999998     SELL      1.0862   1.0881  1.0767  LOSS  -287.2325    28004.16   
19   14.9641  4.999999999999998     SELL      1.0881    1.09   1.0786   WIN  1421.5895    29425.75   
20   15.7237  4.999999999999998     BUY       1.0781   1.0762  1.0876  LOSS  -298.7503    29127.0    
21   15.564   4.999999999999998     BUY       1.0745   1.0726   1.084  LOSS   -295.716    28831.28   
22   15.406   4.999999999999998     BUY       1.0742   1.0723  1.0837  LOSS   -292.714    28538.57   
23   15.2496  4.999999999999998     BUY       1.0729    1.071  1.0824  LOSS  -289.7424    28248.82   
24   15.0948  4.999999999999998     BUY       1.0671   1.0652  1.0766  LOSS  -286.8012    27962.02   
25   14.9415  4.999999999999998     BUY       1.0642   1.0623  1.0737  LOSS  -283.8885    27678.14   
26   14.7898  4.999999999999998     BUY       1.0636   1.0617  1.0731  LOSS  -281.0062    27397.13   
27   14.6397  4.999999999999998     BUY       1.0614   1.0595  1.0709   WIN  1390.7715    28787.9    
28   15.3828  4.999999999999998     BUY        1.07    1.0681  1.0795  LOSS  -292.2732    28495.63   
29   15.2267  4.999999999999998     BUY       1.0684   1.0665  1.0779  LOSS  -289.3073    28206.32   
30   15.0721  4.999999999999998     BUY       1.0666   1.0647  1.0761   WIN  1431.8495    29638.17   
31   15.8372  4.999999999999998     BUY       1.0793   1.0774  1.0888  LOSS  -300.9068    29337.26   
32   15.6764  4.999999999999998     BUY       1.0764   1.0745  1.0859  LOSS  -297.8516    29039.41   
33   15.5172  4.999999999999998     BUY       1.0741   1.0722  1.0836   WIN   1474.134    30513.55   
34   16.3049  4.999999999999998     SELL      1.0861    1.088  1.0766  LOSS  -309.7931    30203.75   
35   16.1394  4.999999999999998     SELL      1.0886   1.0905  1.0791   WIN   1533.243    31736.99   
36   16.9587  4.999999999999998     SELL      1.0815   1.0834   1.072  LOSS  -322.2153    31414.78   
37   16.7865  4.999999999999998     SELL      1.084    1.0859  1.0745  LOSS  -318.9435    31095.84   
38   16.6161  4.999999999999998     SELL      1.088    1.0899  1.0785  LOSS  -315.7059    30780.13   
