Name: EURUSD_S15_candles.csv
Initial Account: 25000
Total Trades: 239
Win Rate: 31.38%
$ (%) Gain: 0.0(0.0%)
Max Drawdown: 0.0%
 #    Lot Size          RR          Direction  Entry ($)  SL ($)  TP ($)   W/L  Gain ($)  Account ($)  
 1     2500.0   2.9000000000000012     SELL      1.0804   1.0804  1.0804  LOSS    -0.0      25000.0    
 2     750.0    2.9000000000000012     SELL      1.0805   1.0805  1.0805   WIN     0.0      25000.0    
 3   1041.6667  2.9000000000000012     SELL      1.0805   1.0805  1.0805   WIN     0.0      25000.0    
 4    972.2222  2.9000000000000012     SELL      1.0804   1.0804  1.0804  LOSS    -0.0      25000.0    
 5    803.5714  2.9000000000000012     SELL      1.0806   1.0806  1.0806  LOSS    -0.0      25000.0    
 6    705.1282  2.9000000000000012     SELL      1.0806   1.0806  1.0806  LOSS    -0.0      25000.0    
 7    722.2222  2.9000000000000012     SELL      1.0806   1.0806  1.0806  LOSS    -0.0      25000.0    
 8     750.0    2.9000000000000012     SELL      1.0806   1.0806  1.0806  LOSS    -0.0      25000.0    
 9    729.1667  2.9000000000000012     SELL      1.0806   1.0806  1.0806  LOSS    -0.0      25000.0    
 10   729.1667  2.9000000000000012     SELL      1.0807   1.0807  1.0807   WIN     0.0      25000.0    
 11   729.1667  2.9000000000000012     SELL      1.0806   1.0806  1.0806  LOSS    -0.0      25000.0    
 12   729.1667  2.9000000000000012     SELL      1.0806   1.0806  1.0806  LOSS    -0.0      25000.0    
 13   729.1667  2.9000000000000012     SELL      1.0806   1.0806  1.0806   WIN     0.0      25000.0    
 14   729.1667  2.9000000000000012     SELL      1.0805   1.0805  1.0805  LOSS    -0.0      25000.0    
 15   729.1667  2.9000000000000012     SELL      1.0805   1.0805  1.0805  LOSS    -0.0      25000.0    
 16   729.1667  2.9000000000000012     SELL      1.0805   1.0805  1.0805  LOSS    -0.0      25000.0    
 17   729.1667  2.9000000000000012     SELL      1.0806   1.0806  1.0806  LOSS    -0.0      25000.0    
 18   729.1667  2.9000000000000012     SELL      1.0807   1.0807  1.0807   WIN     0.0      25000.0    
 19   729.1667  2.9000000000000012     SELL      1.0806   1.0806  1.0806  LOSS    -0.0      25000.0    
 20   729.1667  2.9000000000000012     SELL      1.0807   1.0807  1.0807   WIN     0.0      25000.0    
 21   729.1667  2.9000000000000012     SELL      1.0807   1.0807  1.0807   WIN     0.0      25000.0    
 22   729.1667  2.9000000000000012     SELL      1.0806   1.0806  1.0806   WIN     0.0      25000.0    
 23   729.1667  2.9000000000000012     SELL      1.0806   1.0806  1.0806   WIN     0.0      25000.0    
 24   729.1667  2.9000000000000012     SELL      1.0805   1.0805  1.0805  LOSS    -0.0      25000.0    
 25   729.1667  2.9000000000000012     SELL      1.0807   1.0807  1.0807   WIN     0.0      25000.0    
 26   729.1667  2.9000000000000012     SELL      1.0806   1.0806  1.0806  LOSS    -0.0      25000.0    
 27   729.1667  2.9000000000000012     SELL      1.0806   1.0806  1.0806  LOSS    -0.0      25000.0    
 28   729.1667  2.9000000000000012     SELL      1.0806   1.0806  1.0806   WIN     0.0      25000.0    
 29   729.1667  2.9000000000000012     SELL      1.0805   1.0805  1.0805  LOSS    -0.0      25000.0    
 30   729.1667  2.9000000000000012     SELL      1.0805   1.0805  1.0805  LOSS    -0.0      25000.0    
 31   729.1667  2.9000000000000012     SELL      1.0805   1.0805  1.0805  LOSS    -0.0      25000.0    
 32   729.1667  2.9000000000000012     SELL      1.0806   1.0806  1.0806   WIN     0.0      25000.0    
 33   729.1667  2.9000000000000012     SELL      1.0805   1.0805  1.0805  LOSS    -0.0      25000.0    
 34   729.1667  2.9000000000000012     SELL      1.0806   1.0806  1.0806   WIN     0.0      25000.0    
 35   729.1667  2.9000000000000012     SELL      1.0806   1.0806  1.0806   WIN     0.0      25000.0    
 36   729.1667  2.9000000000000012     SELL      1.0805   1.0805  1.0805  LOSS    -0.0      25000.0    
 37   729.1667  2.9000000000000012     SELL      1.0805   1.0805  1.0805  LOSS    -0.0      25000.0    
 38   729.1667  2.9000000000000012     SELL      1.0806   1.0806  1.0806  LOSS    -0.0      25000.0    
 39   729.1667  2.9000000000000012     SELL      1.0806   1.0806  1.0806  LOSS    -0.0      25000.0    
 40   729.1667  2.9000000000000012     SELL      1.0806   1.0806  1.0806  LOSS    -0.0      25000.0    
 41   729.1667  2.9000000000000012     SELL      1.0807   1.0807  1.0807  LOSS    -0.0      25000.0    
 42   729.1667  2.9000000000000012     SELL      1.0807   1.0807  1.0807  LOSS    -0.0      25000.0    
 43   729.1667  2.9000000000000012     SELL      1.0807   1.0807  1.0807  LOSS    -0.0      25000.0    
 44   729.1667  2.9000000000000012     SELL      1.0807   1.0807  1.0807  LOSS    -0.0      25000.0    
 45   729.1667  2.9000000000000012     SELL      1.0807   1.0807  1.0807   WIN     0.0      25000.0    
 46   729.1667  2.9000000000000012     SELL      1.0807   1.0807  1.0807   WIN     0.0      25000.0    
 47   729.1667  2.9000000000000012     SELL      1.0807   1.0807  1.0807  LOSS    -0.0      25000.0    
 48   729.1667  2.9000000000000012     SELL      1.0807   1.0807  1.0807   WIN     0.0      25000.0    
 49   729.1667  2.9000000000000012     SELL      1.0807   1.0807  1.0807   WIN     0.0      25000.0    
 50   729.1667  2.9000000000000012     SELL      1.0806   1.0806  1.0806  LOSS    -0.0      25000.0    
 51   729.1667  2.9000000000000012     SELL      1.0806   1.0806  1.0806  LOSS    -0.0      25000.0    
 52   729.1667  2.9000000000000012     SELL      1.0806   1.0806  1.0806  LOSS    -0.0      25000.0    
 53   729.1667  2.9000000000000012     SELL      1.0806   1.0806  1.0806  LOSS    -0.0      25000.0    
 54   729.1667  2.9000000000000012     SELL      1.0806   1.0806  1.0806   WIN     0.0      25000.0    
 55   729.1667  2.9000000000000012     SELL      1.0806   1.0806  1.0806   WIN     0.0      25000.0    
 56   729.1667  2.9000000000000012     SELL      1.0805   1.0805  1.0805  LOSS    -0.0      25000.0    
 57   729.1667  2.9000000000000012     SELL      1.0805   1.0805  1.0805  LOSS    -0.0      25000.0    
 58   729.1667  2.9000000000000012     SELL      1.0805   1.0805  1.0805   WIN     0.0      25000.0    
 59   729.1667  2.9000000000000012     SELL      1.0804   1.0804  1.0804   WIN     0.0      25000.0    
 60   729.1667  2.9000000000000012     SELL      1.0803   1.0803  1.0803  LOSS    -0.0      25000.0    
 61   729.1667  2.9000000000000012     SELL      1.0803   1.0803  1.0803  LOSS    -0.0      25000.0    
 62   729.1667  2.9000000000000012     SELL      1.0803   1.0803  1.0803  LOSS    -0.0      25000.0    
 63   729.1667  2.9000000000000012     SELL      1.0802   1.0802  1.0802  LOSS    -0.0      25000.0    
 64   729.1667  2.9000000000000012     SELL      1.0803   1.0803  1.0803   WIN     0.0      25000.0    
 65   729.1667  2.9000000000000012     SELL      1.0803   1.0803  1.0803  LOSS    -0.0      25000.0    
 66   729.1667  2.9000000000000012     SELL      1.0803   1.0803  1.0803  LOSS    -0.0      25000.0    
 67   729.1667  2.9000000000000012     SELL      1.0804   1.0804  1.0804  LOSS    -0.0      25000.0    
 68   729.1667  2.9000000000000012     SELL      1.0805   1.0805  1.0805   WIN     0.0      25000.0    
 69   729.1667  2.9000000000000012     SELL      1.0804   1.0804  1.0804  LOSS    -0.0      25000.0    
 70   729.1667  2.9000000000000012     SELL      1.0804   1.0804  1.0804  LOSS    -0.0      25000.0    
 71   729.1667  2.9000000000000012     SELL      1.0804   1.0804  1.0804  LOSS    -0.0      25000.0    
 72   729.1667  2.9000000000000012     SELL      1.0804   1.0804  1.0804   WIN     0.0      25000.0    
 73   729.1667  2.9000000000000012     SELL      1.0803   1.0803  1.0803  LOSS    -0.0      25000.0    
 74   729.1667  2.9000000000000012     SELL      1.0804   1.0804  1.0804   WIN     0.0      25000.0    
 75   729.1667  2.9000000000000012     SELL      1.0803   1.0803  1.0803   WIN     0.0      25000.0    
 76   729.1667  2.9000000000000012     SELL      1.0803   1.0803  1.0803   WIN     0.0      25000.0    
 77   729.1667  2.9000000000000012     SELL      1.0803   1.0803  1.0803  LOSS    -0.0      25000.0    
 78   729.1667  2.9000000000000012     SELL      1.0802   1.0802  1.0802  LOSS    -0.0      25000.0    
 79   729.1667  2.9000000000000012     SELL      1.0803   1.0803  1.0803   WIN     0.0      25000.0    
 80   729.1667  2.9000000000000012     BUY       1.0802   1.0802  1.0802  LOSS    -0.0      25000.0    
 81   729.1667  2.9000000000000012     BUY       1.0802   1.0802  1.0802  LOSS    -0.0      25000.0    
 82   729.1667  2.9000000000000012     BUY       1.0802   1.0802  1.0802  LOSS    -0.0      25000.0    
 83   729.1667  2.9000000000000012     BUY       1.0802   1.0802  1.0802  LOSS    -0.0      25000.0    
 84   729.1667  2.9000000000000012     BUY       1.0802   1.0802  1.0802  LOSS    -0.0      25000.0    
 85   729.1667  2.9000000000000012     BUY       1.0801   1.0801  1.0801  LOSS    -0.0      25000.0    
 86   729.1667  2.9000000000000012     BUY       1.0801   1.0801  1.0801  LOSS    -0.0      25000.0    
 87   729.1667  2.9000000000000012     BUY       1.0801   1.0801  1.0801  LOSS    -0.0      25000.0    
 88   729.1667  2.9000000000000012     BUY       1.0801   1.0801  1.0801  LOSS    -0.0      25000.0    
 89   729.1667  2.9000000000000012     BUY       1.0801   1.0801  1.0801  LOSS    -0.0      25000.0    
 90   729.1667  2.9000000000000012     BUY       1.0801   1.0801  1.0801  LOSS    -0.0      25000.0    
 91   729.1667  2.9000000000000012     BUY        1.08     1.08    1.08    WIN     0.0      25000.0    
 92   729.1667  2.9000000000000012     BUY       1.0801   1.0801  1.0801  LOSS    -0.0      25000.0    
 93   729.1667  2.9000000000000012     BUY       1.0801   1.0801  1.0801  LOSS    -0.0      25000.0    
 94   729.1667  2.9000000000000012     BUY        1.08     1.08    1.08    WIN     0.0      25000.0    
 95   729.1667  2.9000000000000012     BUY       1.0801   1.0801  1.0801  LOSS    -0.0      25000.0    
 96   729.1667  2.9000000000000012     BUY       1.0801   1.0801  1.0801  LOSS    -0.0      25000.0    
 97   729.1667  2.9000000000000012     BUY       1.0801   1.0801  1.0801   WIN     0.0      25000.0    
 98   729.1667  2.9000000000000012     BUY       1.0802   1.0802  1.0802  LOSS    -0.0      25000.0    
 99   729.1667  2.9000000000000012     BUY       1.0802   1.0802  1.0802  LOSS    -0.0      25000.0    
100   729.1667  2.9000000000000012     BUY       1.0802   1.0802  1.0802  LOSS    -0.0      25000.0    
101   729.1667  2.9000000000000012     BUY       1.0802   1.0802  1.0802  LOSS    -0.0      25000.0    
102   729.1667  2.9000000000000012     BUY       1.0802   1.0802  1.0802  LOSS    -0.0      25000.0    
103   729.1667  2.9000000000000012     BUY       1.0802   1.0802  1.0802  LOSS    -0.0      25000.0    
104   729.1667  2.9000000000000012     BUY       1.0802   1.0802  1.0802  LOSS    -0.0      25000.0    
105   729.1667  2.9000000000000012     BUY       1.0801   1.0801  1.0801   WIN     0.0      25000.0    
106   729.1667  2.9000000000000012     BUY       1.0801   1.0801  1.0801   WIN     0.0      25000.0    
107   729.1667  2.9000000000000012     BUY       1.0802   1.0802  1.0802  LOSS    -0.0      25000.0    
108   729.1667  2.9000000000000012     BUY       1.0802   1.0802  1.0802  LOSS    -0.0      25000.0    
109   729.1667  2.9000000000000012     BUY       1.0802   1.0802  1.0802  LOSS    -0.0      25000.0    
110   729.1667  2.9000000000000012     BUY       1.0801   1.0801  1.0801   WIN     0.0      25000.0    
111   729.1667  2.9000000000000012     BUY       1.0801   1.0801  1.0801  LOSS    -0.0      25000.0    
112   729.1667  2.9000000000000012     BUY       1.0801   1.0801  1.0801   WIN     0.0      25000.0    
113   729.1667  2.9000000000000012     BUY       1.0802   1.0802  1.0802  LOSS    -0.0      25000.0    
114   729.1667  2.9000000000000012     SELL      1.0802   1.0802  1.0802  LOSS    -0.0      25000.0    
115   729.1667  2.9000000000000012     SELL      1.0802   1.0802  1.0802  LOSS    -0.0      25000.0    
116   729.1667  2.9000000000000012     BUY       1.0802   1.0802  1.0802  LOSS    -0.0      25000.0    
117   729.1667  2.9000000000000012     BUY       1.0801   1.0801  1.0801   WIN     0.0      25000.0    
118   729.1667  2.9000000000000012     BUY       1.0802   1.0802  1.0802  LOSS    -0.0      25000.0    
119   729.1667  2.9000000000000012     BUY       1.0802   1.0802  1.0802  LOSS    -0.0      25000.0    
120   729.1667  2.9000000000000012     BUY       1.0802   1.0802  1.0802  LOSS    -0.0      25000.0    
121   729.1667  2.9000000000000012     BUY       1.0801   1.0801  1.0801   WIN     0.0      25000.0    
122   729.1667  2.9000000000000012     BUY       1.0801   1.0801  1.0801   WIN     0.0      25000.0    
123   729.1667  2.9000000000000012     BUY       1.0802   1.0802  1.0802  LOSS    -0.0      25000.0    
124   729.1667  2.9000000000000012     SELL      1.0802   1.0802  1.0802  LOSS    -0.0      25000.0    
125   729.1667  2.9000000000000012     BUY       1.0802   1.0802  1.0802  LOSS    -0.0      25000.0    
126   729.1667  2.9000000000000012     BUY       1.0802   1.0802  1.0802  LOSS    -0.0      25000.0    
127   729.1667  2.9000000000000012     BUY       1.0802   1.0802  1.0802  LOSS    -0.0      25000.0    
128   729.1667  2.9000000000000012     BUY       1.0802   1.0802  1.0802  LOSS    -0.0      25000.0    
129   729.1667  2.9000000000000012     SELL      1.0802   1.0802  1.0802  LOSS    -0.0      25000.0    
130   729.1667  2.9000000000000012     BUY       1.0802   1.0802  1.0802  LOSS    -0.0      25000.0    
131   729.1667  2.9000000000000012     BUY       1.0802   1.0802  1.0802  LOSS    -0.0      25000.0    
132   729.1667  2.9000000000000012     BUY       1.0802   1.0802  1.0802  LOSS    -0.0      25000.0    
133   729.1667  2.9000000000000012     BUY       1.0802   1.0802  1.0802  LOSS    -0.0      25000.0    
134   729.1667  2.9000000000000012     BUY       1.0802   1.0802  1.0802  LOSS    -0.0      25000.0    
135   729.1667  2.9000000000000012     BUY       1.0801   1.0801  1.0801   WIN     0.0      25000.0    
136   729.1667  2.9000000000000012     BUY       1.0802   1.0802  1.0802  LOSS    -0.0      25000.0    
137   729.1667  2.9000000000000012     BUY       1.0802   1.0802  1.0802  LOSS    -0.0      25000.0    
138   729.1667  2.9000000000000012     BUY       1.0802   1.0802  1.0802  LOSS    -0.0      25000.0    
139   729.1667  2.9000000000000012     BUY       1.0802   1.0802  1.0802  LOSS    -0.0      25000.0    
140   729.1667  2.9000000000000012     BUY       1.0802   1.0802  1.0802  LOSS    -0.0      25000.0    
141   729.1667  2.9000000000000012     BUY       1.0802   1.0802  1.0802  LOSS    -0.0      25000.0    
142   729.1667  2.9000000000000012     BUY       1.0802   1.0802  1.0802  LOSS    -0.0      25000.0    
143   729.1667  2.9000000000000012     BUY       1.0801   1.0801  1.0801  LOSS    -0.0      25000.0    
144   729.1667  2.9000000000000012     BUY       1.0801   1.0801  1.0801  LOSS    -0.0      25000.0    
145   729.1667  2.9000000000000012     BUY       1.0801   1.0801  1.0801  LOSS    -0.0      25000.0    
146   729.1667  2.9000000000000012     BUY        1.08     1.08    1.08    WIN     0.0      25000.0    
147   729.1667  2.9000000000000012     BUY        1.08     1.08    1.08    WIN     0.0      25000.0    
148   729.1667  2.9000000000000012     BUY        1.08     1.08    1.08   LOSS    -0.0      25000.0    
149   729.1667  2.9000000000000012     BUY        1.08     1.08    1.08   LOSS    -0.0      25000.0    
150   729.1667  2.9000000000000012     BUY        1.08     1.08    1.08   LOSS    -0.0      25000.0    
151   729.1667  2.9000000000000012     BUY       1.0801   1.0801  1.0801  LOSS    -0.0      25000.0    
152   729.1667  2.9000000000000012     BUY       1.0801   1.0801  1.0801  LOSS    -0.0      25000.0    
153   729.1667  2.9000000000000012     BUY       1.0801   1.0801  1.0801  LOSS    -0.0      25000.0    
154   729.1667  2.9000000000000012     BUY       1.0801   1.0801  1.0801  LOSS    -0.0      25000.0    
155   729.1667  2.9000000000000012     BUY       1.0801   1.0801  1.0801   WIN     0.0      25000.0    
156   729.1667  2.9000000000000012     BUY       1.0801   1.0801  1.0801   WIN     0.0      25000.0    
157   729.1667  2.9000000000000012     SELL      1.0802   1.0802  1.0802  LOSS    -0.0      25000.0    
158   729.1667  2.9000000000000012     SELL      1.0803   1.0803  1.0803   WIN     0.0      25000.0    
159   729.1667  2.9000000000000012     SELL      1.0803   1.0803  1.0803   WIN     0.0      25000.0    
160   729.1667  2.9000000000000012     SELL      1.0803   1.0803  1.0803  LOSS    -0.0      25000.0    
161   729.1667  2.9000000000000012     SELL      1.0803   1.0803  1.0803   WIN     0.0      25000.0    
162   729.1667  2.9000000000000012     SELL      1.0803   1.0803  1.0803  LOSS    -0.0      25000.0    
163   729.1667  2.9000000000000012     SELL      1.0803   1.0803  1.0803   WIN     0.0      25000.0    
164   729.1667  2.9000000000000012     SELL      1.0803   1.0803  1.0803   WIN     0.0      25000.0    
165   729.1667  2.9000000000000012     SELL      1.0803   1.0803  1.0803   WIN     0.0      25000.0    
166   729.1667  2.9000000000000012     BUY       1.0802   1.0802  1.0802  LOSS    -0.0      25000.0    
167   729.1667  2.9000000000000012     BUY       1.0802   1.0802  1.0802  LOSS    -0.0      25000.0    
168   729.1667  2.9000000000000012     BUY       1.0802   1.0802  1.0802  LOSS    -0.0      25000.0    
169   729.1667  2.9000000000000012     BUY       1.0801   1.0801  1.0801   WIN     0.0      25000.0    
170   729.1667  2.9000000000000012     BUY       1.0801   1.0801  1.0801   WIN     0.0      25000.0    
171   729.1667  2.9000000000000012     BUY       1.0802   1.0802  1.0802  LOSS    -0.0      25000.0    
172   729.1667  2.9000000000000012     BUY       1.0801   1.0801  1.0801   WIN     0.0      25000.0    
173   729.1667  2.9000000000000012     BUY       1.0802   1.0802  1.0802  LOSS    -0.0      25000.0    
174   729.1667  2.9000000000000012     BUY       1.0802   1.0802  1.0802  LOSS    -0.0      25000.0    
175   729.1667  2.9000000000000012     BUY       1.0802   1.0802  1.0802  LOSS    -0.0      25000.0    
176   729.1667  2.9000000000000012     SELL      1.0802   1.0802  1.0802  LOSS    -0.0      25000.0    
177   729.1667  2.9000000000000012     BUY       1.0802   1.0802  1.0802  LOSS    -0.0      25000.0    
178   729.1667  2.9000000000000012     BUY       1.0802   1.0802  1.0802  LOSS    -0.0      25000.0    
179   729.1667  2.9000000000000012     BUY       1.0802   1.0802  1.0802  LOSS    -0.0      25000.0    
180   729.1667  2.9000000000000012     SELL      1.0803   1.0803  1.0803   WIN     0.0      25000.0    
181   729.1667  2.9000000000000012     SELL      1.0802   1.0802  1.0802  LOSS    -0.0      25000.0    
182   729.1667  2.9000000000000012     SELL      1.0803   1.0803  1.0803   WIN     0.0      25000.0    
183   729.1667  2.9000000000000012     SELL      1.0802   1.0802  1.0802  LOSS    -0.0      25000.0    
184   729.1667  2.9000000000000012     SELL      1.0802   1.0802  1.0802  LOSS    -0.0      25000.0    
185   729.1667  2.9000000000000012     SELL      1.0803   1.0803  1.0803   WIN     0.0      25000.0    
186   729.1667  2.9000000000000012     SELL      1.0803   1.0803  1.0803   WIN     0.0      25000.0    
187   729.1667  2.9000000000000012     SELL      1.0803   1.0803  1.0803   WIN     0.0      25000.0    
188   729.1667  2.9000000000000012     SELL      1.0803   1.0803  1.0803  LOSS    -0.0      25000.0    
189   729.1667  2.9000000000000012     SELL      1.0803   1.0803  1.0803  LOSS    -0.0      25000.0    
190   729.1667  2.9000000000000012     SELL      1.0804   1.0804  1.0804   WIN     0.0      25000.0    
191   729.1667  2.9000000000000012     SELL      1.0803   1.0803  1.0803  LOSS    -0.0      25000.0    
192   729.1667  2.9000000000000012     SELL      1.0803   1.0803  1.0803   WIN     0.0      25000.0    
193   729.1667  2.9000000000000012     BUY       1.0802   1.0802  1.0802  LOSS    -0.0      25000.0    
194   729.1667  2.9000000000000012     BUY       1.0802   1.0802  1.0802  LOSS    -0.0      25000.0    
195   729.1667  2.9000000000000012     BUY       1.0801   1.0801  1.0801   WIN     0.0      25000.0    
196   729.1667  2.9000000000000012     BUY       1.0801   1.0801  1.0801   WIN     0.0      25000.0    
197   729.1667  2.9000000000000012     BUY       1.0802   1.0802  1.0802  LOSS    -0.0      25000.0    
198   729.1667  2.9000000000000012     BUY       1.0802   1.0802  1.0802  LOSS    -0.0      25000.0    
199   729.1667  2.9000000000000012     BUY       1.0802   1.0802  1.0802  LOSS    -0.0      25000.0    
200   729.1667  2.9000000000000012     BUY       1.0802   1.0802  1.0802  LOSS    -0.0      25000.0    
201   729.1667  2.9000000000000012     BUY       1.0802   1.0802  1.0802  LOSS    -0.0      25000.0    
202   729.1667  2.9000000000000012     BUY       1.0802   1.0802  1.0802  LOSS    -0.0      25000.0    
203   729.1667  2.9000000000000012     BUY       1.0802   1.0802  1.0802  LOSS    -0.0      25000.0    
204   729.1667  2.9000000000000012     BUY       1.0802   1.0802  1.0802  LOSS    -0.0      25000.0    
205   729.1667  2.9000000000000012     BUY       1.0802   1.0802  1.0802  LOSS    -0.0      25000.0    
206   729.1667  2.9000000000000012     BUY       1.0802   1.0802  1.0802  LOSS    -0.0      25000.0    
207   729.1667  2.9000000000000012     BUY       1.0801   1.0801  1.0801  LOSS    -0.0      25000.0    
208   729.1667  2.9000000000000012     BUY       1.0801   1.0801  1.0801  LOSS    -0.0      25000.0    
209   729.1667  2.9000000000000012     BUY        1.08     1.08    1.08    WIN     0.0      25000.0    
210   729.1667  2.9000000000000012     BUY        1.08     1.08    1.08    WIN     0.0      25000.0    
211   729.1667  2.9000000000000012     BUY        1.08     1.08    1.08    WIN     0.0      25000.0    
212   729.1667  2.9000000000000012     BUY        1.08     1.08    1.08   LOSS    -0.0      25000.0    
213   729.1667  2.9000000000000012     BUY        1.08     1.08    1.08    WIN     0.0      25000.0    
214   729.1667  2.9000000000000012     BUY       1.0801   1.0801  1.0801  LOSS    -0.0      25000.0    
215   729.1667  2.9000000000000012     BUY       1.0801   1.0801  1.0801  LOSS    -0.0      25000.0    
216   729.1667  2.9000000000000012     BUY        1.08     1.08    1.08   LOSS    -0.0      25000.0    
217   729.1667  2.9000000000000012     BUY        1.08     1.08    1.08   LOSS    -0.0      25000.0    
218   729.1667  2.9000000000000012     BUY        1.08     1.08    1.08   LOSS    -0.0      25000.0    
219   729.1667  2.9000000000000012     BUY        1.08     1.08    1.08    WIN     0.0      25000.0    
220   729.1667  2.9000000000000012     BUY        1.08     1.08    1.08    WIN     0.0      25000.0    
221   729.1667  2.9000000000000012     BUY       1.0801   1.0801  1.0801  LOSS    -0.0      25000.0    
222   729.1667  2.9000000000000012     BUY       1.0801   1.0801  1.0801   WIN     0.0      25000.0    
223   729.1667  2.9000000000000012     BUY       1.0801   1.0801  1.0801   WIN     0.0      25000.0    
224   729.1667  2.9000000000000012     BUY       1.0801   1.0801  1.0801   WIN     0.0      25000.0    
225   729.1667  2.9000000000000012     BUY       1.0801   1.0801  1.0801   WIN     0.0      25000.0    
226   729.1667  2.9000000000000012     BUY       1.0802   1.0802  1.0802  LOSS    -0.0      25000.0    
227   729.1667  2.9000000000000012     BUY       1.0801   1.0801  1.0801   WIN     0.0      25000.0    
228   729.1667  2.9000000000000012     BUY       1.0801   1.0801  1.0801  LOSS    -0.0      25000.0    
229   729.1667  2.9000000000000012     BUY       1.0801   1.0801  1.0801  LOSS    -0.0      25000.0    
230   729.1667  2.9000000000000012     BUY       1.0801   1.0801  1.0801  LOSS    -0.0      25000.0    
231   729.1667  2.9000000000000012     BUY       1.0801   1.0801  1.0801  LOSS    -0.0      25000.0    
232   729.1667  2.9000000000000012     BUY       1.0801   1.0801  1.0801  LOSS    -0.0      25000.0    
233   729.1667  2.9000000000000012     BUY       1.0801   1.0801  1.0801   WIN     0.0      25000.0    
234   729.1667  2.9000000000000012     BUY       1.0802   1.0802  1.0802   WIN     0.0      25000.0    
235   729.1667  2.9000000000000012     SELL      1.0802   1.0802  1.0802  LOSS    -0.0      25000.0    
236   729.1667  2.9000000000000012     BUY       1.0802   1.0802  1.0802  LOSS    -0.0      25000.0    
237   729.1667  2.9000000000000012     BUY       1.0802   1.0802  1.0802  LOSS    -0.0      25000.0    
238   729.1667  2.9000000000000012     SELL      1.0802   1.0802  1.0802  LOSS    -0.0      25000.0    
239   729.1667  2.9000000000000012     BUY       1.0802   1.0802  1.0802  LOSS    -0.0      25000.0    
