Name: EURUSD_M15_candles.csv
Initial Account: 25000
Total Trades: 43
Win Rate: 16.28%
$ (%) Gain: -494.82(-1.98%)
Max Drawdown: -3.91%
 #  Lot Size          RR         Direction  Entry ($)  SL ($)  TP ($)   W/L   Gain ($)  Account ($)  
 1   40.3226  4.999999999999998     BUY       1.0846    1.084  1.0876  LOSS  -241.9356    24758.06   
 2   62.0059  4.999999999999998     BUY       1.084    1.0836   1.086  LOSS  -248.0236    24510.04   
 3   61.3847  4.999999999999998     BUY       1.0837   1.0833  1.0857  LOSS  -245.5388    24264.5    
 4   60.7698  4.999999999999998     BUY       1.0835   1.0831  1.0855  LOSS  -243.0792    24021.42   
 5   60.161   4.999999999999998     BUY       1.0832   1.0828  1.0852   WIN   1203.22     25224.64   
 6   63.1744  4.999999999999998     BUY       1.0852   1.0848  1.0872   WIN   1263.488    26488.13   
 7   66.3388  4.999999999999998     SELL      1.088    1.0884   1.086  LOSS  -265.3552    26222.78   
 8   65.6742  4.999999999999998     SELL      1.0887   1.0891  1.0867  LOSS  -262.6968    25960.08   
 9   65.0163  4.999999999999998     SELL      1.0893   1.0897  1.0873  LOSS  -260.0652    25700.01   
10   64.365   4.999999999999998     SELL      1.0897   1.0901  1.0877  LOSS   -257.46     25442.55   
11   63.7202  4.999999999999998     SELL      1.0901   1.0905  1.0881  LOSS  -254.8808    25187.67   
12   63.0818  4.999999999999998     SELL      1.091    1.0914   1.089  LOSS  -252.3272    24935.35   
13   62.4499  4.999999999999998     SELL      1.0913   1.0917  1.0893   WIN   1248.998    26184.34   
14   65.578   4.999999999999998     SELL      1.0893   1.0897  1.0873   WIN   1311.56     27495.9    
15   68.8627  4.999999999999998     SELL      1.0871   1.0875  1.0851  LOSS  -275.4508    27220.45   
16   68.1729  4.999999999999998     SELL      1.0878   1.0882  1.0858  LOSS  -272.6916    26947.76   
17   67.4899  4.999999999999998     SELL      1.0876    1.088  1.0856  LOSS  -269.9596    26677.8    
18   66.8138  4.999999999999998     SELL      1.0881   1.0885  1.0861  LOSS  -267.2552    26410.55   
19   66.1445  4.999999999999998     SELL      1.0885   1.0889  1.0865   WIN   1322.89     27733.44   
20   69.4576  4.999999999999998     SELL      1.0867   1.0871  1.0847  LOSS  -277.8304    27455.61   
21   68.7618  4.999999999999998     SELL      1.0873   1.0877  1.0853  LOSS  -275.0472    27180.56   
22   68.073   4.999999999999998     SELL      1.0879   1.0883  1.0859  LOSS   -272.292    26908.27   
23   67.391   4.999999999999998     SELL      1.0883   1.0887  1.0863  LOSS   -269.564    26638.7    
24   66.7159  4.999999999999998     SELL      1.0889   1.0893  1.0869   WIN   1334.318    27973.02   
25   70.0577  4.999999999999998     SELL      1.0865   1.0869  1.0845  LOSS  -280.2308    27692.79   
26   69.3558  4.999999999999998     SELL      1.0874   1.0878  1.0854  LOSS  -277.4232    27415.37   
27   68.661   4.999999999999998     SELL      1.0879   1.0883  1.0859  LOSS   -274.644    27140.72   
28   67.9732  4.999999999999998     SELL      1.0888   1.0892  1.0868  LOSS  -271.8928    26868.83   
29   67.2922  4.999999999999998     SELL      1.089    1.0894   1.087  LOSS  -269.1688    26599.66   
30   66.6181  4.999999999999998     SELL      1.089    1.0894   1.087  LOSS  -266.4724    26333.19   
31   65.9507  4.999999999999998     SELL      1.0894   1.0898  1.0874   WIN   1319.014    27652.2    
32   69.2542  4.999999999999998     SELL      1.0873   1.0877  1.0853  LOSS  -277.0168    27375.19   
33   68.5604  4.999999999999998     SELL      1.0877   1.0881  1.0857  LOSS  -274.2416    27100.94   
34   67.8736  4.999999999999998     SELL      1.0879   1.0883  1.0859  LOSS  -271.4944    26829.45   
35   67.1936  4.999999999999998     SELL      1.089    1.0894   1.087  LOSS  -268.7744    26560.68   
36   66.5205  4.999999999999998     SELL      1.0893   1.0897  1.0873  LOSS   -266.082    26294.59   
37   65.8541  4.999999999999998     SELL      1.0898   1.0902  1.0878  LOSS  -263.4164    26031.18   
38   65.1944  4.999999999999998     BUY       1.0832   1.0828  1.0852  LOSS  -260.7776    25770.4    
39   64.5413  4.999999999999998     BUY       1.0827   1.0823  1.0847  LOSS  -258.1652    25512.23   
40   63.8947  4.999999999999998     BUY       1.0825   1.0821  1.0845  LOSS  -255.5788    25256.66   
41   63.2546  4.999999999999998     BUY       1.0814    1.081  1.0834  LOSS  -253.0184    25003.64   
42   62.6209  4.999999999999998     BUY       1.0812   1.0808  1.0832  LOSS  -250.4836    24753.15   
43   61.9936  4.999999999999998     BUY       1.0805   1.0801  1.0825  LOSS  -247.9744    24505.18   
