Name: EURUSD_M30_candles.csv
Initial Account: 25000
Total Trades: 33
Win Rate: 21.21%
$ (%) Gain: 2090.42(8.36%)
Max Drawdown: 0.0%
 #  Lot Size          RR         Direction  Entry ($)  SL ($)  TP ($)   W/L   Gain ($)  Account ($)  
 1   36.2319  4.999999999999998     BUY       1.084    1.0833  1.0875   WIN  1268.1165    26268.12   
 2   31.9786  4.999999999999998     SELL      1.0873   1.0881  1.0833  LOSS  -255.8288    26012.29   
 3   31.6671  4.999999999999998     SELL      1.0885   1.0893  1.0845   WIN   1266.684    27278.97   
 4   33.2092  4.999999999999998     BUY       1.0846   1.0838  1.0886  LOSS  -265.6736    27013.3    
 5   32.8858  4.999999999999998     BUY       1.0838    1.083  1.0878  LOSS  -263.0864    26750.21   
 6   32.5655  4.999999999999998     BUY       1.0821   1.0813  1.0861  LOSS   -260.524    26489.69   
 7   32.2483  4.999999999999998     BUY       1.0814   1.0806  1.0854  LOSS  -257.9864    26231.7    
 8   31.9342  4.999999999999998     BUY       1.0806   1.0798  1.0846  LOSS  -255.4736    25976.23   
 9   31.6232  4.999999999999998     BUY        1.08    1.0792   1.084  LOSS  -252.9856    25723.24   
10   31.3153  4.999999999999998     BUY       1.079    1.0782   1.083   WIN   1252.612    26975.85   
11   32.8402  4.999999999999998     BUY       1.0829   1.0821  1.0869  LOSS  -262.7216    26713.13   
12   32.5203  4.999999999999998     BUY       1.082    1.0812   1.086  LOSS  -260.1624    26452.97   
13   32.2036  4.999999999999998     BUY       1.0811   1.0803  1.0851   WIN   1288.144    27741.11   
14   33.7718  4.999999999999998     BUY       1.085    1.0842   1.089  LOSS  -270.1744    27470.94   
15   33.4429  4.999999999999998     BUY       1.0845   1.0837  1.0885  LOSS  -267.5432    27203.4    
16   33.1172  4.999999999999998     BUY       1.0837   1.0829  1.0877  LOSS  -264.9376    26938.46   
17   32.7946  4.999999999999998     BUY       1.0832   1.0824  1.0872   WIN   1311.784    28250.24   
18   34.3916  4.999999999999998     SELL      1.0879   1.0887  1.0839  LOSS  -275.1328    27975.11   
19   34.0567  4.999999999999998     SELL      1.0887   1.0895  1.0847  LOSS  -272.4536    27702.66   
20   33.725   4.999999999999998     SELL      1.0897   1.0905  1.0857  LOSS    -269.8     27432.86   
21   33.3965  4.999999999999998     SELL      1.0908   1.0916  1.0868   WIN   1335.86     28768.72   
22   35.0228  4.999999999999998     SELL      1.0865   1.0873  1.0825  LOSS  -280.1824    28488.53   
23   34.6817  4.999999999999998     SELL      1.087    1.0878   1.083  LOSS  -277.4536    28211.08   
24   34.3439  4.999999999999998     SELL      1.0882    1.089  1.0842  LOSS  -274.7512    27936.33   
25   34.0094  4.999999999999998     SELL      1.0885   1.0893  1.0845  LOSS  -272.0752    27664.25   
26   33.6782  4.999999999999998     SELL      1.0894   1.0902  1.0854  LOSS  -269.4256    27394.83   
27   33.3502  4.999999999999998     SELL      1.0881   1.0889  1.0841  LOSS  -266.8016    27128.03   
28   33.0254  4.999999999999998     SELL      1.0885   1.0893  1.0845  LOSS  -264.2032    26863.82   
29   32.7038  4.999999999999998     SELL      1.0892    1.09   1.0852  LOSS  -261.6304    26602.19   
30   32.3853  4.999999999999998     SELL      1.0898   1.0906  1.0858   WIN   1295.412    27897.61   
31   33.9623  4.999999999999998     BUY       1.0833   1.0825  1.0873  LOSS  -271.6984    27625.91   
32   33.6315  4.999999999999998     BUY       1.082    1.0812   1.086  LOSS   -269.052    27356.85   
33   33.304   4.999999999999998     BUY       1.0812   1.0804  1.0852  LOSS   -266.432    27090.42   
