Name: EURUSD_2023-2024.csv
Initial Account: 25000
Total Trades: 71
Win Rate: 0.5352112676056338
$ (%) Gain:1188.6815134430617(0.04754726053772251)
Max Drawdown: -0.0199980099999999
#, Lot Size, RR, Direction, Entry ($), SL ($), TP ($), W/L, Gain ($), Account ($)
1, 9.999999999999325, 1.3, BUY, 1.0755, 1.0729999999999997, 1.07875, WIN, 250.0, 25250.0
2, 7.283653846153716, 1.3, BUY, 1.0776, 1.0741333333333332, 1.0821066666666666, LOSS, -252.5, 24997.5
3, 4.999499999999974, 1.3, BUY, 1.0712, 1.0661999999999998, 1.0776999999999999, LOSS, -249.97500000000002, 24747.525
4, 4.256331081081063, 1.3, BUY, 1.0726, 1.0667857142857142, 1.0801585714285715, LOSS, -247.47525000000007, 24500.049750000002
5, 4.224146508620683, 1.3, BUY, 1.0655, 1.0596999999999999, 1.07304, WIN, 245.00049750000002, 24745.050247500003
6, 4.209364562150656, 1.3, BUY, 1.0746, 1.0687214285714286, 1.082242142857143, WIN, 247.45050247500004, 24992.500749975003
7, 4.251458207772162, 1.3, SELL, 1.086, 1.0918785714285715, 1.0783578571428571, WIN, 249.92500749975, 25242.425757474753
8, 4.293972789849883, 1.3, BUY, 1.0745, 1.0686214285714286, 1.082142142857143, WIN, 252.42425757474751, 25494.850015049502
9, 4.336912517748383, 1.3, BUY, 1.0833, 1.0774214285714285, 1.0909421428571429, WIN, 254.94850015049502, 25749.798515199996
10, 4.380281642925866, 1.3, SELL, 1.0867, 1.0925785714285714, 1.079057857142857, LOSS, -257.49798515199996, 25492.300530047996
11, 4.336478826496608, 1.3, SELL, 1.0929, 1.0987785714285714, 1.085257857142857, WIN, 254.92300530048, 25747.223535348476
12, 4.379843614761573, 1.3, SELL, 1.0857, 1.0915785714285715, 1.0780578571428572, WIN, 257.47223535348473, 26004.69577070196
13, 4.423642050909189, 1.3, BUY, 1.0778, 1.0719214285714287, 1.085442142857143, LOSS, -260.0469577070196, 25744.648812994943
14, 4.379405630400098, 1.3, BUY, 1.0772, 1.0713214285714285, 1.0848421428571429, WIN, 257.4464881299494, 26002.095301124893
15, 4.423199686704099, 1.3, SELL, 1.0814, 1.0872785714285713, 1.073757857142857, LOSS, -260.02095301124893, 25742.074348113645
16, 4.378967689837058, 1.3, BUY, 1.0866, 1.0807214285714286, 1.094242142857143, WIN, 257.42074348113647, 25999.49509159478
17, 4.4227573667354285, 1.3, SELL, 1.0968, 1.1026785714285714, 1.089157857142857, WIN, 259.9949509159478, 26259.49004251073
18, 4.466984940402783, 1.3, SELL, 1.0921, 1.0979785714285715, 1.0844578571428571, LOSS, -262.5949004251073, 25996.89514208562
19, 4.422315090998755, 1.3, SELL, 1.1058, 1.1116785714285713, 1.098157857142857, LOSS, -259.96895142085623, 25736.926190664766
20, 4.378091940088767, 1.3, SELL, 1.1044, 1.1102785714285714, 1.0967578571428571, LOSS, -257.3692619066476, 25479.55692875812
21, 4.334311020687879, 1.3, SELL, 1.1012, 1.1070785714285714, 1.093557857142857, WIN, 254.79556928758112, 25734.3524980457
22, 4.377654130894759, 1.3, SELL, 1.0926, 1.0984785714285714, 1.084957857142857, LOSS, -257.343524980457, 25477.008973065243
23, 4.3338775895858115, 1.3, SELL, 1.0877, 1.0935785714285713, 1.080057857142857, WIN, 254.77008973065247, 25731.779062795897
24, 4.37721636548167, 1.3, BUY, 1.0765, 1.0706214285714286, 1.084142142857143, WIN, 257.31779062795897, 25989.096853423856
25, 4.420988529136487, 1.3, BUY, 1.0895, 1.0836214285714285, 1.0971421428571428, LOSS, -259.8909685342386, 25729.20588488962
26, 4.376778643845122, 1.3, SELL, 1.0971, 1.1029785714285714, 1.089457857142857, WIN, 257.2920588488962, 25986.497943738515
27, 4.420546430283573, 1.3, SELL, 1.0911, 1.0969785714285714, 1.083457857142857, WIN, 259.86497943738516, 26246.3629231759
28, 4.464751894586408, 1.3, SELL, 1.0853, 1.0911785714285713, 1.077657857142857, WIN, 262.463629231759, 26508.82655240766
29, 4.509399413532273, 1.3, BUY, 1.0718, 1.0659214285714287, 1.079442142857143, LOSS, -265.0882655240766, 26243.738286883585
30, 4.4643054193969505, 1.3, BUY, 1.0711, 1.0652214285714285, 1.0787421428571429, LOSS, -262.4373828688358, 25981.300904014748
31, 4.4196623652029805, 1.3, BUY, 1.0571, 1.0512214285714285, 1.0647421428571429, WIN, 259.8130090401475, 26241.113913054895
32, 4.46385898885501, 1.3, BUY, 1.0566, 1.0507214285714286, 1.064242142857143, WIN, 262.4111391305489, 26503.525052185443
33, 4.50849757874356, 1.3, BUY, 1.0601, 1.0542214285714286, 1.067742142857143, LOSS, -265.0352505218544, 26238.48980166359
34, 4.463412602956124, 1.3, BUY, 1.0579, 1.0520214285714287, 1.065542142857143, LOSS, -262.3848980166359, 25976.104903646952
35, 4.418778476926563, 1.3, BUY, 1.0528, 1.0469214285714286, 1.0604421428571429, WIN, 259.76104903646944, 26235.86595268342
36, 4.462966261695829, 1.3, BUY, 1.0606, 1.0547214285714286, 1.068242142857143, LOSS, -262.35865952683423, 25973.507293156585
37, 4.41833659907887, 1.3, BUY, 1.0553, 1.0494214285714285, 1.0629421428571428, LOSS, -259.7350729315658, 25713.77222022502
38, 4.374153233088082, 1.3, BUY, 1.048, 1.0421214285714286, 1.055642142857143, WIN, 257.1377222022502, 25970.909942427268
39, 4.417894765418962, 1.3, BUY, 1.0567, 1.0508214285714286, 1.064342142857143, LOSS, -259.7090994242727, 25711.200843002996
40, 4.373715817764772, 1.3, BUY, 1.0574, 1.0515214285714285, 1.0650421428571428, WIN, 257.1120084300299, 25968.312851433027
41, 4.417452975942421, 1.3, BUY, 1.0661, 1.0602214285714286, 1.073742142857143, WIN, 259.6831285143303, 26227.995979947358
42, 4.461627505701845, 1.3, BUY, 1.069, 1.0631214285714286, 1.0766421428571429, WIN, 262.27995979947354, 26490.275939746833
43, 4.506243780758863, 1.3, BUY, 1.0752, 1.0693214285714285, 1.0828421428571429, LOSS, -264.90275939746834, 26225.373180349365
44, 4.461181342951275, 1.3, BUY, 1.0725, 1.0666214285714286, 1.080142142857143, WIN, 262.2537318034937, 26487.626912152857
45, 4.505793156380788, 1.3, BUY, 1.0785, 1.0726214285714286, 1.086142142857143, WIN, 264.8762691215286, 26752.503181274384
46, 4.550851087944595, 1.3, SELL, 1.088, 1.0938785714285715, 1.0803578571428571, WIN, 267.52503181274386, 27020.028213087127
47, 4.5963595988240415, 1.3, BUY, 1.0798, 1.0739214285714287, 1.087442142857143, WIN, 270.20028213087124, 27290.228495217998
48, 4.642323194812281, 1.3, SELL, 1.0848, 1.0906785714285714, 1.077157857142857, LOSS, -272.90228495217997, 27017.32621026582
49, 4.595899962864158, 1.3, SELL, 1.0875, 1.0933785714285713, 1.079857857142857, LOSS, -270.17326210265816, 26747.152948163162
50, 4.549940963235517, 1.3, SELL, 1.0905, 1.0963785714285714, 1.082857857142857, LOSS, -267.4715294816316, 26479.68141868153
51, 4.504441553603162, 1.3, SELL, 1.0982, 1.1040785714285715, 1.0905578571428571, LOSS, -264.7968141868153, 26214.884604494717
52, 4.45939713806713, 1.3, SELL, 1.0954, 1.1012785714285713, 1.087757857142857, LOSS, -262.14884604494716, 25952.73575844977
53, 4.414803166686459, 1.3, SELL, 1.1028, 1.1086785714285714, 1.095157857142857, WIN, 259.5273575844977, 26212.263116034268
54, 4.458951198353324, 1.3, SELL, 1.094, 1.0998785714285715, 1.0863578571428572, LOSS, -262.1226311603427, 25950.140484873926
55, 4.414361686369791, 1.3, SELL, 1.0997, 1.1055785714285713, 1.092057857142857, LOSS, -259.50140484873924, 25690.639080025187
56, 4.370218069506093, 1.3, SELL, 1.1057, 1.1115785714285713, 1.098057857142857, LOSS, -256.90639080025187, 25433.732689224933
57, 4.326515888811032, 1.3, SELL, 1.1134, 1.1192785714285713, 1.105757857142857, LOSS, -254.33732689224937, 25179.395362332685
58, 4.283250729922922, 1.3, SELL, 1.1231, 1.1289785714285714, 1.115457857142857, WIN, 251.79395362332684, 25431.189315956013
59, 4.326083237222151, 1.3, SELL, 1.1012, 1.1070785714285714, 1.093557857142857, WIN, 254.3118931595601, 25685.501209115573
60, 4.369344069594373, 1.3, SELL, 1.0857, 1.0915785714285715, 1.0780578571428572, LOSS, -256.85501209115574, 25428.646197024416
61, 4.325650628898429, 1.3, SELL, 1.0924, 1.0982785714285714, 1.084757857142857, WIN, 254.28646197024418, 25682.93265899466
62, 4.368907135187413, 1.3, SELL, 1.0915, 1.0973785714285713, 1.083857857142857, LOSS, -256.8293265899466, 25426.103332404713
63, 4.325218063835538, 1.3, SELL, 1.0937, 1.0995785714285713, 1.086057857142857, WIN, 254.2610333240471, 25680.36436572876
64, 4.368470244473895, 1.3, SELL, 1.0987, 1.1045785714285714, 1.091057857142857, WIN, 256.80364365728764, 25937.16800938605
65, 4.412154946918633, 1.3, SELL, 1.0923, 1.0981785714285714, 1.0846578571428571, WIN, 259.37168009386045, 26196.53968947991
66, 4.45627649638782, 1.3, BUY, 1.0794, 1.0735214285714285, 1.0870421428571428, LOSS, -261.9653968947991, 25934.57429258511
67, 4.411713731423941, 1.3, BUY, 1.0783, 1.0724214285714286, 1.085942142857143, LOSS, -259.345742925851, 25675.228549659256
68, 4.367596594109701, 1.3, BUY, 1.0694, 1.0635214285714285, 1.0770421428571428, WIN, 256.7522854965925, 25931.98083515585
69, 4.411272560050799, 1.3, BUY, 1.0691, 1.0632214285714285, 1.0767421428571429, WIN, 259.3198083515585, 26191.30064350741
70, 4.455385285651308, 1.3, BUY, 1.0814, 1.0755214285714285, 1.0890421428571428, WIN, 261.9130064350741, 26453.213649942485
71, 4.49993913850782, 1.3, SELL, 1.0864, 1.0922785714285714, 1.078757857142857, LOSS, -264.5321364994248, 26188.68151344306
